#SampleID	002VWWX	004AWZY	004VWZY	006VHQK	027VYMX	031VPYH	036AXHM	036VXHM	040VYDY	047VLRL	083AYGC	083VYGC	086VHXM	110VZSZ	149VYYD	153VWG	155VCHJ	173VHJW	174LBQA	180VHMQ	189VXZJ	195VXXY	199VOZQ	206ZFDA	215ATKH	215VTKH	220VDXP	227AZMH	227VZMH	230VLSH	235VDBJ	243AHZH	243VHZH	287DJQA	309VHJD	322VCHL	325ALRY	325VLRY	331ALDY	331VLDY	342VCSL	347APZL	347VPZL	348VYQM	350VLYY	351AZDY	351VZDY	353VGSZ	354VPYM	357VLTS	358AWXC	358VWXC	359VYSH	361ATLX	361VTLX	362VLBJ	363VLH	364VCZ	366VZMY	367VWSY	370VLZW	371VTYJ	372VJHK	373VHXR	376VYKZ	377VHWH	379ALJJ	379VLJJ	384VCZL	388DHLA	388VDHL	390VNFD	392VWLL	393VZLH	395VGSQ	C001CJB	C002HHP	C003XYQ	C006LYH	C007XXZ	C008QLX	C009HHY	C010WL	C013MJH	C014LWG	C017YYM	C018LJP	C020LBJ	C022SMR	C024XHR	C025PCY	C026CBR	C031CQS	C034LJ	LR200116-0001	LR200116-0002_L4_1000002	LR200116-0003_L1_1000787	LR200116-0004_L1_1000734	LR200116-0005_L1_1000735	LR200116-0006_L1_1000736	LR200116-0008_L1_1000738	LR200116-0009_L1_1000739	LR200116-0010	LR200116-0011	LR200116-0012_L4_1000742	LR200116-0013_L1_1000743	LR200116-0014_L4_1000788	LR200116-0015_L4_1000789	LR200116-0016_L4_1000953	LR200116-0017_L4_1000954	LR200116-0018_L1_1000955	LR200116-0019_L1_1000956	LR200116-0020_L1_1000916	LR200116-0021_L1_1000957	LR200116-0023_L1_1001357	LR200116-0024_L1_1001404	LR200212-0001	LR200212-0002
M00001	0.397878	0	1.060124	0	6.8108064	0	0	11.907916	0	0	0	5.944437	15.1745497	0	1.071916	0	0	0	0	0	1.125045	0.265252	0	0.536633	0	0.66313	0	0	4.798889	0.772866	0	0	2.003965	0.132626	2.19717	3.300948	0.516408	0	0	1.87752	0.11655	0	0.795756	14.990433	0	0	0	0	0	0	0	18.6822301	0	0.255102	1.656355	0	0	0	0	1.37594	2.862334	0.113174	0	10.386142	0.255102	2.783369	0	0.162429	0	0.10049	2.778272	0.495137	6.6906066	0	2.405477	2.005512	0	0	0.374809	0.255102	0.0745921	1.101224	0.382626	1.521916	4.827109	15.654823	1.149287	0.6635081	0	2.7803151	0.397878	0.249176	0	0	0	0	0	0	0	0	0	7.141351	0	0	0	0	0	0	0.348873	0	0	0	0	0.265252	0	0	0	0
M00002	0.397878	0	1.060124	0	6.8108064	0	0	11.564001	0	0	0	5.532349	15.1745497	0	1.071916	0	0	0	0	0	1.125045	0.265252	0	0.34748	0	0.66313	0	0	4.798889	0.772866	0	0	2.003965	0.132626	2.19717	3.300948	0.516408	0	0	1.053345	0.11655	0	0.795756	14.740433	0	0	0	0	0	0	0	17.8747411	0	0.255102	1.656355	0	0	0	0	0.37594	2.862334	0.113174	0	10.386142	0.255102	2.783369	0	0.162429	0	0.10049	2.778272	0.495137	6.6906066	0	2.405477	1.796307	0	0	0.374809	0.255102	0.0745921	0.887549	0.132626	1.323503	4.613434	12.109989	0.753454	0.592283	0	2.7803151	0.397878	0.249176	0	0	0	0	0	0	0	0	0	6.301912	0	0	0	0	0	0	0.348873	0	0	0	0	0.265252	0	0	0	0
M00003	0.397878	0	1.060124	0	10.4658238	0	0	12.004918	0	0	0	5.6464	15.5272837	0	1.7981944	0.26455	0	0	0	0	1.125045	0.265252	0	0.4356634	0	1.617862	0	0	4.8870724	0.772866	0	0	2.003965	0.132626	2.19717	3.300948	0.516408	0	0	1.229712	0.11655	0	0.795756	15.004983	0	0	0	0	0	0	0	18.6472281	0.0881834	0.255102	1.656355	0	0	0	0	0.37594	2.862334	0.113174	0	9.956267	0.255102	3.6951862	0	0.162429	0	0.10049	2.778272	0.495137	6.6906066	0	2.405477	2.1443377	0	0	0.565285	0.255102	0.0745921	0.9757324	0.132626	1.584526	4.819195	21.6722448	0.8416374	1.2965742	0	3.4775523	0.7506114	0.5137264	0	0	0	0	0	0	0	0	0	6.301912	0	0	0	0.0881834	0	0	0.4370564	0	0	0	0	0.265252	0	0	0	0
M00004	0	0	0	0	0	0	0	0.33743	0	0	0	0	0	0	0	0	0	0	0	0	0	0	0	0	0	0	0	0	0	0.797387	0	0	0	0	0	0	0	0	0	0	0	0	0	0	0	0	0	0	0	0	0	0	0.214592	0	0.0768049	0	0	0	0	0	0	0	0	0	0	0	0	0	0	0	0	0	0	0	0.0768049	0.0768049	0	0	0.24	0	0.962963	0.2913969	0	0.1536098	0.3150021	4.203436	0	1.132208	0.107296	1.2897939	0.294592	0	0	0	0	0	0	0	0	0	0	1.426446	0	0	0	0	0	0.0768049	0	0	0.384025	0	0	0.107296	0	0.0496672	0	0.107296
M00006	0	0	0	0	0	0	0	0	0	0	0	0	0	0	0	0	0	0	0	0	0	0	0	0	0	0	0	0	0	0.643777	0	0	0	0	0	0	0	0	0	0	0	0	0	0	0	0	0	0	0	0	0	0	0.214592	0	0	0	0	0	0	0	0	0	0	0	0	0	0	0	0	0	0	0	0	0	0	0	0	0	0	0	0.962963	0.214592	0	0	0.2381972	1.702391	0	0.251256	0.107296	1.212989	0.214592	0	0	0	0	0	0	0	0	0	0	0.743113	0	0	0	0	0	0	0	0	0	0	0	0.107296	0	0	0	0.107296
M00007	0	0	0	0	0	0	0	0.33743	0	0	0	0	0	0	0	0	0	0	0	0	0	0	0	0	0	0	0	0	0	0.15361	0	0	0	0	0	0	0	0	0	0	0	0	0	0	0	0	0	0	0	0	0	0	0	0	0.0768049	0	0	0	0	0	0	0	0	0	0	0	0	0	0	0	0	0	0	0	0.0768049	0.0768049	0	0	0.24	0	0	0.0768049	0	0.1536098	0.0768049	2.501045	0	0.880952	0	0.0768049	0.08	0	0	0	0	0	0	0	0	0	0	0.683333	0	0	0	0	0	0.0768049	0	0	0.384025	0	0	0	0	0.0496672	0	0
M00008	0	0	0	0	0	0	0	0	0	0	0	0	0	0	0	0	0	0	0	0	0	0	0	0	0	0	0	0	0	0.643777	0	0	0	0	0	0	0	0	0	0	0	0	0	0	0	0	0	0	0	0	0	0	0.214592	0	0	0	0	0	0	0	0	0	0	0	0	0	0	0	0	0	0	0	0	0	0	0	0	0	0	0	0.962963	0.214592	0	0	0.2381972	1.702391	0	0.251256	0.107296	1.212989	0.214592	0	0	0	0	0	0	0	0	0	0	0.743113	0	0	0	0	0	0	0	0	0	0	0	0.107296	0	0	0	0.107296
M00009	0.380343	0	0	0	5.8945636	0	0	2.092102	0	0	0	0.874983	1.004695	0	0.4189212	0	0	0	0	0	0	0.173762	0	0.0424809	0	0.0968992	0	0	0.370459	0.4062952	0	0	0	0	0	0	0	0.443662	0	0.123631	0.0483559	0	0	2.5927518	0	0	0.0967118	0	0	0	0	2.25445	0.3445214	0	0.13369	0.00371747	0	0	0	0.823557	0.3594248	0	0	1.5738464	0.119332	0.3099464	0	0.0968992	0	0.119332	0	0.988793	0	0	0.042517	0.7742131	0.0526642	0.339593	0.541573	0.1489695	0.2281748	0.2772229	0	3.4957578	1.8137452	36.1259442	0.2660586	1.7518564	0.185874	0.976184	0.1876338	0.2867348	0	0	0	0	0	0	0	0	0	1.763831	0	0	0	0	0	0	0.0929368	0	0	0.3934754	0	1.2178454	0	0.280817	0	0
M00011	0.380343	0	0	0	5.8945636	0	0	2.092102	0	0	0	0.874983	1.004695	0	0.4189212	0	0	0	0	0	0	0.173762	0	0.0424809	0	0.0968992	0	0	0.370459	0.4062952	0	0	0	0	0	0	0	0.443662	0	0.123631	0.0483559	0	0	2.5927518	0	0	0.0967118	0	0	0	0	2.25445	0.3445214	0	0.13369	0.00371747	0	0	0	0.823557	0.3594248	0	0	1.5738464	0.119332	0.3099464	0	0.0968992	0	0.119332	0	0.988793	0	0	0.042517	0.7742131	0.0526642	0.339593	0.541573	0.1489695	0.2281748	0.2772229	0	3.4957578	1.8137452	36.1259442	0.2660586	1.7518564	0.185874	0.976184	0.1876338	0.2867348	0	0	0	0	0	0	0	0	0	1.763831	0	0	0	0	0	0	0.0929368	0	0	0.3934754	0	1.2178454	0	0.280817	0	0
M00012	0	0	0	0	0	0	0	0	0	0	0	0	0	0	0	0	0	0	0	0	0	0	0	0	0	0	0	0	0	0	0	0	0	0	0	0	0	0	0	0	0	0	0	1	0	0	0	0	0	0	0	0	0	0	0	0	0	0	0	0	0	0	0	0	0	0	0	0	0	0	0	0	0	0	0	0	0	0	0	0	0	0	0	0	0	0	0	0	0	0	0	0	0	0	0	0	0	0	0	0	0	0	0	0	0	0	0	0	0	0	0	0	0	0	0	0	0	0
M00016	0	0	0	0	5.552854	0	0.236967	0	0	0	0	1.422392	1.311707	0	0	0	0	0	0	0	0	0	0	0	0	0	0	0	0.151515	0.19084	0	0	0.847328	0	0	0	0	0	0	0	0	0	0	0	0	0	0	0	0	0	0	0.381679	0.322581	0	0	0	0	0	0	0	0.342355	0	0	2.440935	0	0.342355	0	0	0	0	0	0	0	2.24506	0.669211	0	0	0	0.236967	0	0	0.151515	0	0.151515	0.19084	4.641082	0.122137	1.9317489	0.0959596	0.19084	0.3336591	0	0	0	0	0	0	0	0	0	0	1.7236505	0	0	0	0.151515	0	0	0	0	0	0	0	0	0	0.0555556	0	0
M00017	0	0	0	0	4.169771	0	0.236967	0	0	0	0	0.564972	0	0	0	0	0	0	0	0	0	0	0	0	0	0	0	0	0.151515	0.552707	0	0	0.2849	0	0	0	0	0	0	0	0	0	0	0	0	0	0	0	0	0	0	0	0.2849	0	0	0	0	0	0	0	0.293965	0	0	2.440935	0	0.151515	0	0.286959	0	0	0	0	0	2.24506	0	0	0	0	0.236967	0	0	0.389882	0	0.151515	0.283951	4.3592964	0	2.037369	0.0959596	1.134417	0.379417	0.282486	0	0	0	0	0	0	0	0	0	1.838252	0	0	0	0.151515	0	0	0	0	0	0	0	0.0265907	0	0.0555556	0	0
M00018	0	0	0	0	3.742421	0	0.236967	0	0	0	0	0	0	0	0	0	0	0	0	0	0	0	0	0	0	0	0	0	0.151515	1	0	0	0	0	0	0	0	0	0	0	0	0	0	0	0	0	0	0	0	0	0	0	0	0	0	0	0	0	0	0	0.151515	0	0	2.440935	0	0.151515	0	0	0	0	0	0	0	2.24506	0	0	0	0	0.236967	0	0	0.151515	0	0.151515	0	4.101061	0	1.89286	0.0959596	0	0.236967	0	0	0	0	0	0	0	0	0	0	1.658765	0	0	0	0.151515	0	0	0	0	0	0	0	0	0	0.0555556	0	0
M00019	0	0	0	0	2.2851177	0	0	0	0	0	0	0.258997	0	0	0	0	0	0	0	0	0	0	0	0	0	0	0	0	0	1.495275	0	0	0	0	0	0	0	0	0	0.0884956	0	0	0.129794	0	0	0	0	0	0	0	0	0.540541	0.1794047	0	0	0	0	0	0	0	0.550125	0	0	0.438095	0	0.0387175	0	0	0.192308	0	0	0	0	0.0884956	0	0.0884956	0	0	0.339716	0	0	1.150489	0	0.4899275	0.9911461	15.3471532	0	0.3374677	0	1.2132865	0.0907441	0.146624	0	0	0	0	0	0	0	0	0	2.163742	0	0	0	0	0	0	0	0	0	0	0	0.0884956	0	0	0.176991	0
M00022	0	0	0	0	1.45679	0	0	0.246914	0	0	0	0.0576132	0.446936	0	0.123457	0	0	0	0	0	0.3101046	0	0	0	0	0.176678	0	0.122549	0	0.123457	0	0	0	0	0	0	0	0	0	0	0	0	0	0	0	0	0	0	0	0	0	0	0.246091	0	0	0	0	0	0	0	0.224215	0	0	0.2181072	0	0	0	0	0	0	0	0	0	0	0	0	0	0	0.0452675	0.123457	0	0.123457	0.428937	1.123457	0.661606	9.8634732	0	0.3193419	0	0	0	0	0	0	0	0	0	0	0	0	0	2.08151	0.306748	0	0	0	0	0	0	0	3.100231	0.123457	0.460122	0	0.704918	0	0.153374	0
M00023	0	0	0	0	0	0	0	0	0	0	0	0	0	0	0	0	0	0	0	0	0	0	0	0	0	0	0	0	0	0	0	0	0	0	0	0	0	0	0	0	0	0	0	0	0	0	0	0	0	0	0	0	0	0	0	0	0	0	0.0595483	0	0	0	0	0	0	0	0	0	0	0	0	0	0	0	0	0	0	0	0	0	0	0	0	0	0.205338	1.370187	0	0	0.12285	0.308008	0	0.102669	0	0	0	0	0	0	0	0	0	0.614251	0	0	0	0	0	0	0	0	0	0.339076	0	0.205339	0	0.118203	0	0
M00026	0	0	0	0	2.017316	0	0	0.330128	0	0	0	0.681818	0	0	0.334921	0	0	0	0	0	0	0	0	0	0	0	0	0	0	0	0	0	0	0	0	0	0	0	0	0	0	0	0	0	0	0	0	0	0	0	0	0	0	0	0	0	0	0	0	0	0	0	0	0	0	0.129808	0	0	0	0	0	0	0	0	0	0	0.240385	0	0	0	0	0.245098	0	0	0.234848	0.245098	0	1.677031	0	0	0	1.210782	0	0	0	0	0	0	0	0	0	0	0	0	0	0	0	0	0	0	0	0	0	0	0	0	0.252525	0
M00027	0	0	0	0	0	0	0	0	0	0	0	0	0	0	0	0	0	0	0	0	0	0	0	0	0	0	0	0	0	1.31818	0	0	0	0	0	0	0	0	0	0	0	0	0	0	0	0	0	0	0	0	0	0	0.4232286	0	0	0	0	0	0	0	0	0	0	0	0	0	0	0	0	0	0	0	0	0	0	0	0	0	0	0	0	0	0	0	0.292969	0.0268817	0	0	0	0.169492	0	0	0	0	0	0	0	0.1	0	0	0	0	0	0	0	0	0	0	0	0	0	0.093414	0	0.0992064	0	0.426916	0	0
M00032	0	0	0	0	0.459737	0	0	0.547348	0	0	0	0.1847362	0	0	0.0626058	0	0	0	0	0	0	0.173762	0	0.0424809	0	0.0968992	0	0	0.370459	0.1715532	0	0	0	0	0	0	0	0	0	0	0.0483559	0	0	0.42517	0	0	0.0967118	0	0	0	0	0.508051	0.0487114	0	0.13369	0	0	0	0	0	0.031746	0	0	0.2294824	0	0.1038734	0	0.0968992	0	0	0	0	0	0	0.042517	0.3845929	0	0	0.076784	0	0.0423012	0.0424809	0	0.511926	1.2780989	5.8336574	0.094697	1.0960629	0	0.829344	0.094697	0.193798	0	0	0	0	0	0	0	0	0	0.382653	0	0	0	0	0	0	0	0	0	0.0424809	0	0.1659516	0	0.127443	0	0
M00033	0	0	0	0	3.742421	0	0.236967	0	0	0	0	0	0	0	0	0	0	0	0	0	0	0	0	0	0	0	0	0	0.151515	0	0	0	0	0	0	0	0	0	0	0	0	0	0	0	0	0	0	0	0	0	0	0	0	0	0	0	0	0	0	0	0.151515	0	0	2.440935	0	0.151515	0	0	0	0	0	0	0	2.24506	0	0	0	0	0.236967	0	0	0.151515	0	0.151515	0	3.05389	0	1.89286	0.0959596	0	0.236967	0	0	0	0	0	0	0	0	0	0	1.658765	0	0	0	0.151515	0	0	0	0	0	0	0	0	0	0.0555556	0	0
M00034	0	0	0	0	0.2642049	0	0	0.142045	0	0	0	0.568181	1.42045	0	0	0	0	0	0	0	0	0	0	0	0	0	0	0	0.142045	0.284091	0	0	0	0	0	0	0	0	0	0	0	0	0	0	0	0	0.142045	0	0	0	0	0.411932	0	0	0	0	0	0	0	0	0	0	0	0.426136	0	0.340136	0	0	0	0	0	0	0	0	0	0	0	1	0.170068	0	0	0.683712	0	0.284091	0.142045	9.071363	0.315378	0.428599	0	0.28409	0	0.170068	0	0	0	0	0	0	0	0	0	0.544508	0	0	0	0	0	0	0	0	0	0.144509	0	0.284091	0	0	0	0
M00035	0	0	0	0	0.2642049	0	0	0.398455	0	0	0	0.568181	1.42045	0	0	0	0	0	0	0	0	0	0	0	0	0	0	0	0.142045	0.284091	0	0	0	0	0	0	0	0	0	0	0.0529915	0	0	0	0	0	0.142045	0	0	0	0	0.411932	0	0	0	0	0	0	0	0	0	0	0	0.541521	0	0.340136	0	0	0	0	0	0	0	0	0	0	0	1	0.170068	0	0	0.811917	0	0.284091	0.27025	12.861957	0.315378	0.428599	0	1.14838	0	1.054422	0	0	0	0	0	0	0	0	0	0.544508	0	0	0	0.128205	0	0	0	0.128205	0	0.144509	0	0.284091	0	0	0	0
M00036	0	0	0	0	0.292194	0	0	0	0	0	0	0	0	0	0	0	0	0	0	0	0	0	0	0	0	0	0	0	0	1.313787	0	0	0	0	0	0	0	0	0	0	0	0	0	0	0	0	0	0	0	0	0	0	0	0	0	0	0	0	0	0	0.373134	0	0	0.438095	0	0	0	0	0	0	0	0	0	0	0	0	0	0	0.158228	0	0	0.52488	0	0	0.278687	3.9526894	0	0.158228	0	0.373134	0	0.146624	0	0	0	0	0	0	0	0	0	0.86214	0	0	0	0	0	0	0	0	0	0	0	0	0	0.153374	0	0
M00048	0.270624	0	0	0	0.0803419	0	0	0.428356	0	0	0	0.093633	0.176991	0	0	0.153392	0	0	0	0	0	0	0	0	0	0	0	0	0.19305	0.3003	0	0	0	0	0	0.176991	0	0	0	0	0	0	0	3.254817	0	0	0	0	0	0	0	0	0	0	0	0	0	0	0	0	0	0	0	1.312169	0	0.657895	0	0	0.428356	0	0	0	0.792475	0	0	0.2418477	0	0	0.275339	0	0.92517	0	0	2.268994	1.877452	18.030339	0	0.868265	0.497399	1.1525366	1.9573866	0	0	0	0	0	0	0	0	0	0	1.884526	0	0	0	0	0	0	0	0	0.0884956	0.546122	0	0.0875955	0	0	0	0
M00049	0	0	0	0	0.507246	0	0	0	0	0	0	0	0	0	0	0	0	0	0	0	0	0	0	0	0	0	0	0	0	0	0	0	0	0	1.47126	0	0	0	0	0	0	0	0	3	0	0	0	0	0	0	0	0	0	0	0	0	0	0	0	0	0	0	0	0.782609	0	0	0	0	0	0	0	0	0	0	0	0	0	0	0	0	0	0	0	0	0	1.61111	0	0	0	0	0	0	0	0	0	0	0	0	0	0	0	0	0	0	0	0	0	0	0	0	0	0	0	0	0	0	0	0
M00050	0	0	0	0	0.744819	0	0	0	0	0	0	0.438596	2.219298	0	0.109649	0	0	0	0	0	3	0	0	0	0	0	0	0	0	0.1396198	0	0	0	0	0	0	0	0	0	0	0	0	0	0.96878	0	0	0	1.24242	0	0	0	0	0	0	0	0	0	0	0	0	17.9394	0	0	0.782609	0	0	0	0	0	0	0	0	7.66667	0	4.9697	0.219298	0	0	0	0	0	0	1	0.219298	0.547514	9.761503	0	0.286864	0	0.484649	0.694444	0	0	0	0	0	0	0	0	0	0	0.160819	0	0	0	0.328947	0	0	0	0	0	0	0	0	0	0	0	0
M00051	0	0	0	0	0.1419111	0	0	0	0	0	0	0.2036311	0.0946074	0	0	0	0	0	0	0	0	0	0	0	0	0	0	0	0	0	0	0	0	0	0	0	0	0	0	0	0.0346894	0	0	0	0	0	0	0	0	0	0	0.209398	0.0473037	0	0	0	0	0	0	0	0.0739645	0	0	0.18797	0.043204	0.2365184	0	0	0	0	0	0	0	0.0946074	0	0.1855857	0	0	0.114943	0	0	0	0	0.4231444	0.8324787	4.4881986	0.0473037	0.431884	0	0.218341	0.0946074	0.0946074	0	0	0	0	0	0	0	0	0	0.411184	0	0	0	0	0	0	0	0	1.26957	0.1299275	0	0.371143	0	0	0	0
M00053	0	0	0	0	4.886603	0	0	0.890394	0	0	0	0.2215652	0	0	0.7113741	0	0	0	0	0	0	0	0	0.6065011	0	0	0	0	3.338473	0.0541605	0	0.0738552	0	0	0	0.14771	0	0	0	0.204082	0.0738552	0	0	2.48378	0	0	0	0	0	0	0	1.820059	0	0	1.3281912	0	0	0	0	0	0	0	0	0.9902738	0.2550142	0.282587	0	0.468599	0	0.14771	0	0	0.404727	0	0.0516605	0.0738552	0	0.0738552	0.328377	0	0.101093	0.4349662	0.00246184	3.303329	1.0340101	19.018616	0.0736715	0.335748	0.38942	1.1457446	0.678064	0.1240768	0	0	0	0	0	0	0	0	0	0.72871	0	0	0	0.4	0	0	0	0.0738552	0	0	0	0.184502	0	0.204918	0	0
M00082	0.0897666	0	0	0	0.179533	0	0	0	0	0	0	0.2693	0	0	0.189567	0	0	0	0	0	0	0	0	0.374659	0	0.2	0	0	0.0317175	0.558667	0	0	0	0	0	0	0	0	0	0	0	0	0.181572	0	0	0	0	0	0	0	0	0.944943	0.4410532	0	0	0	0	0	0	0	0.2693	0	0	1.0039302	0	0.2561336	0	0.0281269	0	0	0	0	0	0	0.101626	0	0	0	0	0	0	0.0897666	0	0.3901528	0.179533	10.1940603	0	0.7623038	0.179533	1.3028293	0.2689776	0.123457	0	0	0	0	0	0	0.246914	0	0.0896057	0.2693	0	0	0	0	0	0	0	0	0.6	0	0	0.0896057	0	0.0897666	0	0
M00086	0	0	0	0	0.3859	0	0	0	0	0	0	0.0927644	0	0	0	0	0	0	0	0	0	0	0	0	0	0	0	0	0	0.535516	0	0	0	0	0	0	0	0	0	0.3125	0	0	0	0	0	0	0	0	0	0	0	0.612245	0	0	0	0	0	0	0	0	0	0	0	0	0	0	0	0	0	0	0	0	0	0	0	0.0821759	0	0	0	0	0	0.9412494	0.102249	0.354335	0.389553	5.1095959	0	1.59848	0.0914672	0.232558	0	0	0	0	0	0	0	0	0	0	0	0.835663	0	0.0563218	0	0.209545	0	0	0	0	0	0.207096	0	0.1903739	0	0	0	0
M00089	0	0	0	0	0	0	0	0	0	0	0	0	0	0	0.00753296	0	0	0	0	0	0	0	0	0	0	0	0	0	0	0.473333	0	0	0	0	0	0	0	0	0	0	0	0	0	2.389829	0	0	0	0	0	0	0	0	0.25	0	0	0	0	0	0	0	0	0	0	1.25	0	0	0	0	0	0	0	0	0	0	0	0	0	0	0	0.25	0	0.532486	0	0	0	5.460774	0	0.294118	0.246305	0.532486	0	0	0	0	0	0	0	0	0	0	0	0.47619	0	0	0	0	0	0	0.5	0	0.915254	0	0	0	0	0	0	0
M00093	0	0	0	0	0	0	0	0	0	0	0	0	0	0	0	0	0	0	0	0	0	0	0	0	0	0	0	0	0	0	0	0	0	0	0	0	0	0	0	0	0	0	0	0	0	0	0	0	0	0	0	0	0	0	0	0	0	0	0	0	0	0	0	0	0	0	0	0	0	0	0	0	0	0	0	0	0	0	0	0	0	0	0	0	0	0	0	0	0	0	0.510417	0	0	0	0	0	0	0	0	0	0	0	0	0	0	0	0	0	0	0	0	0	0	0	0	0	0	0
M00096	0	0	0	0	3.715865	0	0	1.1311832	0	0	0	1.4676871	1.120547	0	0	0	0	0	0	0	0	0	0	0	0	0	0	0	0.337838	0.146646	0	0	0	0	0.401606	0	0	0.160256	0	0.0874126	0.0815661	0	0	0	0	0	0	0	0	0	0	0.4007042	0.4765192	0	0.404858	0	0	0	0	0	0.335081	0	0	0.2527299	0	1.9462492	0	1.78571	0	0	0	0	0	0	0	0.0780031	0	0	0	0	0.255102	0.462388	0	0.480769	0.8908248	13.5286947	0.2415526	0.4389499	0	0.6551108	0.160256	0	0	0	0	0	0	0	0	0	0	0.2690366	0	0	0	0	0	0	0	0	0.4335089	0.156006	0	0.2340091	0	0	0.156006	0
M00099	0	0	0	0	0	0	0	0	0	0	0	0	0	0	0	0	0	0	0	0	0	0	0	0	0	0	0	0	0	0	0	0	0	0	0	0	0	0	0	0	0	0	0	0	0	0	0	0	0	0	0	0.147493	0	0	0	0	0	0	0	0	0.0737463	0	0	0	0	0	0	0	0	0	0	0	0	0	0	0	0	0	0	0	0	0	0	0	0.147493	0.845624	0	0	0.0737463	0	0	0	0	0	0	0	0	0	0	0	0	0.589971	0	0	0	0	0	0	0	0	0	0	0	0	0	0	0	0
M00114	0	0	0	0	0	0	0	0.308333	0	0	0	0	0	0	0	0	0	0	0	0	0	0	0	0	0	0	0	0	0	0	0	0	0	0	0	0	0	0	0	0	0	0	0	0	0	0	0	0	0	0	0	0	0	0	0	0	0	0	0	0	0	0	0	0	0	0	0	0	0	0	0	0	0	0	0	0	0	0	0	0	0	0	0	0	0	0.0989583	0	1.067815	0	0	0.540741	0	0	0	0	0	0	0	0	0	0	0	0	0	0	0	0	0	0	0	0	0	0	0	0	0	0	0
M00115	0	0	0	0	0	0	0	0	0	0	0	0	0	0	0	0	0	0	0	0	0	0	0	0	0	0	0	0	0	0	0	0	0	0	0	0	0	0	0	0	0	0	0	0	0	0	0	0	0	0	0	0	0	0	0	0	0	0	0	0	0	0	0	0	0	0	0	0	0	0	0	0	0	0	0	0	0	0	0	0	0	0	0	0	0.862745	0	0	0	0	0	0	0	0	0	0	0	0	0	0	0	0	0	0	0	0	0	0	0	0	0	0	0	0	0	0	0	0	0
M00116	0	0	0	0	0.722023	0	0	0	0	0	0	0.167785	0	0	0.196078	0	0	0	0	0	0	0	0	0	0	0	0	0.0535948	0	0.787402	0	0	0	0	0	0	0	0	0	0.467561	0	0	0	0.0418301	0	0	0.313559	0	0	0	0	0	0	0	0	0	0	0	0	0	0.196078	0	0	0.167785	0	1.068403	0	0	0	0	0	0	1.32941	0	0	0	0	0	0	0	0.227273	0	0	0.392157	0	4.198254	0	0.395058	0.196078	0.845342	0	0	0	0	0	0	0	0	0	0	0	0.848988	0	0	0	0	0	0	0	0	1.51007	0	0	0	0	0	0	0
M00119	0	0	0	0	0.292194	0	0	0	0	0	0	0	0	0	0	0	0	0	0	0	0	0	0	0	0	0	0	0	0	1.313787	0	0	0	0	0.45614	0	0	0	0	0	0	0	0	0.18797	0	0	0	0	0	0	0	0	0	0	0	0	0	0	0	0	0.561104	0	0	0.438095	0	0.0739348	0	0	0	0	0	0	0	0	0	0	0	0	0.158228	0	0	0.52488	0	0	0.18797	4.2955564	0	0.158228	0	0.4282718	0	0.146624	0	0	0	0	0	0	0	0	0	1.80199	0	0	0	0	0	0	0	0	0	0	0	0	0	0.0576441	0	0
M00120	0	0	0	0	0	0	0	0	0	0	0	0	0	0	0	0	0	0	0	0	0	0	0	0	0	0	0	0	0	0	0	0	0	0	0	0	0	1.84946	0	0	0	0	0	0	0	0	0	0	0	0	0	0	0	0	0	0	0	0	0	0	0	0	0	0	0	0	0	0	0	0	0	0	0	0	0	0	0	0	0	0	0	0	0	0	0	0.995346	0	0	0	0	0	0	0	0	0	0	0	0	0	0	0	0	0	0	0	0	0	0	0	0	0	0	0	0	0	0	0	0
M00121	0	0	0	0	0	0	0	0.330396	0	0	0	0	0	0	0	0	0	0	0	0	0	0	0	0	0	0	0	0	0	2.777037	0	0	0.220264	0.110132	0	0	0	0	0	0	0	0	0	0.171843	0	0	0	0	0	0	0	0	0.2079963	0	0	0	0	0	0	0.660793	0	0	0	0.0433186	0	0	0	0	0	0	0	0	0	0	0	0	0	0	1	0	0	0	0	0.220264	0.242672	6.145902	0.110132	0.110132	0.121951	0.765483	0.220264	0	0	0	0	0	0	0	0	0	0	1.23984	0	0	0	0	0	0	0	0.220264	0	0.110132	0	0	0	0	0	0
M00125	0	0	0	0	1.8018	0	0	0	0	0	0	1.564111	0	0	0.0519031	0.239908	0	0	0	0	0.16835	0	0	0	0	0	0	0	0	1.333334	0	0	0	0	0	0	0	0	0	0	0	0	0.16835	0	0	0	0	0	0	0	0	0.500576	0.310433	0	0	0	0	0	0	0	0.3367	0	0	0.167577	0	0.346021	0	0	0	0.131488	0	0	0	0	0	0	0	0	0	0	0	0	0	0.543253	1.78984	7.889212	0	1.0175553	0.774713	0.16835	0	0	0	0	0	0	0	0	0	0	0	0.82716	0	0	0	0.17301	0	0	0	0	0	0.16835	0	0.777996	0	0	0	0
M00126	0	0	0	0	0	0	0	0	0	0	0	0	0	0	0	0	0	0	0	0	0	0	0	0	0	0	0	0	0	0	0	0	0	0	0	0	0	0	0	0	0	0	0	0	0	0	0	0	0	0	0	0	0	0	0	0	0	0	0	0	0.323625	0	0	0	0	0	0	0	0	0	0	0	0	0	0	0	0	0	0	0	0	0	0	0	0	0	0	0	0	0	0	0	0	0	0	0	0	0	0	0	0	0.64617	0	0	0	0	0	0	0	0	0	0	0	0.161812	0	0	0	0
M00127	0	0	0	0	0	0	0	0	0	0	0	0	0	0	0	0	0	0	0	0	0	0	0	0	0	0	0	0	0	0	0	0	0	0	0	0	0	0	0	0	0	0	0	0	0	0	0	0	0	0	0	0	0	0	0	0	0	0	0	0	0	0	0	0	0	0	0	0	0	0	0	0	0	0	0	0	0	0	0	0	0	0	0	0	0.140845	1.20939	0	0	0	0.0948357	0	0	0	0	0	0	0	0	0	0	0	0.56338	0	0	0	0	0	0	0	0	0	0	0	0.140845	0	0	0	0
M00140	0	0	0	0	0.419436	0	0	0	0	0	0	0.333333	0	0	0	0	0	0	0	0	0	0	0	0	0	0	0	0	0	1.23457	0	0	0	0	0	0	0	0	0	0	0	0	0	0	0	0	0	0	0	0	0	0	0.2674894	0	0	0	0	0	0	0	0	0	0	0	0	0	0	0	0	0	0	0	0	0	0	0	0	0	0	0.115226	0	0	0	0	0.202429	0.718746	0	0.106996	0	0.505666	0.205761	0	0	0	0	0	0	0	0	0	0	0	0	0	0	0	0	0	0	0	0.213675	0	0	0	0	0.33557	0	0
M00149	0.380343	0	0	0	1.9189826	0	0	1.310012	0	0	0	0.5576208	1.004695	0	0.0929368	0	0	0	0	0	0	0	0	0	0	0	0	0	0	0	0	0	0	0	0	0	0	0.312989	0	0.123631	0	0	0	1.1675818	0	0	0	0	0	0	0	0.984271	0.178439	0	0	0.00371747	0	0	0	0	0.3276788	0	0	0.537634	0	0.086741	0	0	0	0	0	0.988793	0	0	0	0	0.0526642	0.234742	0.464789	0.0315985	0.1858736	0.234742	0	2.7325758	0.2569593	27.518839	0	0.6557935	0.185874	0.14684	0.0929368	0.0929368	0	0	0	0	0	0	0	0	0	1.261846	0	0	0	0	0	0	0.0929368	0	0	0.3509945	0	1.0518938	0	0	0	0
M00153	0.21097	0	0	0	1.57895	0	0	0.2922617	0	0	0.54380717	0.634093	0.3476176	0	0	0.785015	0	0	0	0	0.649351	0	0	0	0	0.162866	0	0.162866	0	0	0	0	1.26582	0	0	0	0	0	0	0	0.268351	0	0	0	0	0	0	0	0	0	0	0.04782	0	0	0	0	0	0	0	0	0.4995	0	0	2.293964	0.1780669	1.010818	0	0	0	0.0868621	0	0	0	0	0.21097	0.4736953	0	0	0.162866	0	0.162866	0.373836	0.6100051	0.8104095	1.226052	19.3265738	0.2366988	1.326177	0.0836048	0.268351	0.817013	0.765825	0	0.21097	0	0	0	0	0	0	0	3.2008729	1.05263	0	0	0	0	0	0	0	0	0	0	1.332227	0	0.268351	0	0
M00157	0.308411	0	0	0	32.634242	0	0	4.270102	0	0	0	9.068951	2.3424	0	3.160368	0	0	0	0	0	0.0138889	0	0	0	0	0	0	0	0	0	0	0	0.0576324	0	0	0.834891	0	0.378788	0	0	0.35461	0	0	0	0	0	0	0	0	0	0	1.299061	0	0	0	0	0	0	0	0.588972	0.984036	0	0	2.959214	0.0109034	2.096936	0	6.0643939	0	0.573781	0	0	0	8.965903	0.757576	2.15278	0.105919	0	1.930656	0.209596	0	0.991221	0	3.476408	0.753367	41.49047	1.376431	1.6553	0	1.136419	1.807896	0.378788	0	0	0	0	0	0	0	0	0	1.65086	0	0	0	0	0	0	0	0	0	0	0	1	0	0.4	0	0
M00165	0	0	0	0	0.735294	0	0	0.33743	0	0	0	0	4	0	0	0	0	0	0	0	0	0	0	0	0	0	0	0	0	0.661224	0	0	0	0	0	0	0	0	0	0	0.11655	0	0	2	0	0	0	0	0	0	0	1.4555791	0	0	0.0768049	0	0	0	0	0	0	0	0	0	0	1.22634	0	0	0	0.10049	0	0	0	0	0.0768049	0.7164089	0	0	0.349557	0	0.0745921	0.1933549	0	1.3444868	1.8092179	6.850986	0.2331	0.20059	0	0.545997	0.08	0.11655	0	0	0	0	0	0	0	0	0	1.271842	0	0	0	0	0	0.0768049	0.348873	0	0.384025	0	0	0	0	0.0496672	0	0
M00166	0	0	0	0	0.735294	0	0	0	0	0	0	0	4	0	0	0	0	0	0	0	0	0	0	0	0	0	0	0	0	0.507614	0	0	0	0	0	0	0	0	0	0	0.11655	0	0	2	0	0	0	0	0	0	0	1.4555791	0	0	0	0	0	0	0	0	0	0	0	0	0	1.22634	0	0	0	0.10049	0	0	0	0	0	0.639604	0	0	0.109557	0	0.0745921	0.11655	0	1.190877	1.732413	4.349941	0.2331	0.20059	0	0.4691921	0	0.11655	0	0	0	0	0	0	0	0	0	1.271842	0	0	0	0	0	0	0.348873	0	0	0	0	0	0	0	0	0
M00167	0	0	0	0	0	0	0	0.33743	0	0	0	0	0	0	0	0	0	0	0	0	0	0	0	0	0	0	0	0	0	0.15361	0	0	0	0	0	0	0	0	0	0	0	0	0	0	0	0	0	0	0	0	0	0	0	0	0.0768049	0	0	0	0	0	0	0	0	0	0	0	0	0	0	0	0	0	0	0	0.0768049	0.0768049	0	0	0.24	0	0	0.0768049	0	0.1536098	0.0768049	2.501045	0	0	0	0.0768049	0.08	0	0	0	0	0	0	0	0	0	0	0	0	0	0	0	0	0.0768049	0	0	0.384025	0	0	0	0	0.0496672	0	0
M00168	0	0	0	0	0	0	0	0	0	0	0	0	0	0	0	0	0	0	0	0	0	0	0	0	0	0	0	0	0	0	0	0	0	0	0	0	0	0	0	0	0	0	0	1	0	0	0	0	0	0	0	0	0	0	0	0	0	0	0	0	0	0	0	0	0	0	0	0	0	0	0	0	0	0	0	0	0	0	0	0	0	0	0	0	0	0	0	0	0	0	0	0	0	0	0	0	0	0	0	0	0	0	0	0	0	0	0	0	0	0	0	0	0	0	0	0	0	0
M00173	0.380343	0	0	0	5.4348266	0	0	1.544754	0	0	0	0.6902468	1.004695	0	0.3563154	0	0	0	0	0	0	0	0	0	0	0	0	0	0	0.234742	0	0	0	0	0	0	0	0.443662	0	0.123631	0	0	0	2.1675818	0	0	0	0	0	0	0	1.746399	0.29581	0	0	0.00371747	0	0	0	0.823557	0.3276788	0	0	1.344364	0.119332	0.206073	0	0	0	0.119332	0	0.988793	0	0	0	0.3896202	0.0526642	0.339593	0.464789	0.1489695	0.1858736	0.234742	0	2.9838318	0.2569593	29.6376598	0.1713616	0.6557935	0.185874	0.14684	0.0929368	0.0929368	0	0	0	0	0	0	0	0	0	1.381178	0	0	0	0	0	0	0.0929368	0	0	0.3509945	0	1.0518938	0	0	0	0
M00178	12.598932	0	1.39167	2.364964	527.071614	0.262626	0	137.620771	0.72633	1	0	108.7880036	122.939163	0.729927	19.150449	14.3754165	1.599843	1	0.722271	0.963906	9.838744	18.018422	0	9.3701058	1.4467163	14.799778	0	0.218341	34.215381	5.133401	7.728698	0	60.107891	0.780985	64.365412	12.003589	0	1.604766	0	15.49412226	1.6157006	0.325	21.058314	85.5598214	0	0	6.399845	0.0154321	0.894504	0	0	262.4557223	0.557669	0	24.3669005	2.921295	0	0.231481	0	0	54.509713	3.561367	0	107.6943391	1.249532	48.614756	0.364964	18.893094	0	7.638117	8.274893	1.909263	31.731887	53.120972	58.176462	15.4505656	1.413744	3.685235	10.270879	5.483048	10.8148	17.225841	8.318938	39.212071	52.71398	710.8179877	21.026183	32.2134736	6.060678	29.553137	32.5027214	5.305534	1	1.20241	0	1	0	0	0	1	0	53.332271	0	0	0	1.094914	0	0.259067	0	0.575758	0.50505	0.891226	0.344828	11.1664322	0	0.627613	0	1.15833
M00179	5.59076	0	1.39167	2.364964	357.480545	0	0	71.243259	0	0	0	69.5342096	67.434584	0.729927	13.158606	7.4942845	1.42276	1	0.722271	0.963906	4.32157	8.26351	0	6.3244578	1.363383	13.025894	0	0.218341	19.396135	1.610859	5.31734	0	36.881683	0.780985	20.765601	9.061938	0	1.217169	0	11.484863	1.1337186	0.325	11.117151	63.5662784	0	0	4.779475	0.0154321	0.682927	0	0	188.6207213	0.557669	0	15.8514355	1.541666	0	0.231481	0	0	20.619896	2.59167	0	59.7675251	1.249532	32.647502	0.364964	11.176714	0	4.490951	2.707553	1.56667	16.936687	51.963562	20.171929	9.6938536	1.413744	0.716378	8.609953	2.498479	9.8148	12.116408	5.487448	24.651523	34.103854	594.6563727	12.715339	24.1524604	5.191591	20.423488	25.7488564	3.965398	1	0	0	1	0	0	0	1	0	36.990382	0	0	0	1.094914	0	0.259067	0	0	0.50505	0.891226	0.344828	6.3610222	0	0.438596	0	1.15833
M00183	0.7786676	0	0	0.1375397	26.8427495	0	0.079936	6.2183695	0	0.1208608	0	12.1900105	5.0861362	0.102459	1.6434502	1.748106	0	0.079936	0.0446828	0	0.1681008	0.236472	0	1.8228779	0.0406174	1.3283833	0	0.102459	2.3679114	0	0.159606	0	1.847236	0	2.168753	0.8809555	0	1.8650038	0	1.0548334	0.8814902	0	4.292314	10.131706	0	0	1.2604863	0	0	0	0.482517	5.0011281	0.0446828	0	1.7728577	0	0	0.0446828	0.0446828	0.485437	4.0569593	0.0477555	0	6.6755898	0.142427	2.9989034	0	0.6759827	0	0.1469692	0	0.0893655	0.933783	13.790048	0.6149807	1.9855146	0.0443849	0.134048	2.3649714	0.039968	0.8268444	1.8509502	1.0083675	10.1334511	10.3793128	287.681974	1.5549894	8.6213676	2.4557091	10.2675313	9.2330649	1.3394741	0.039968	0	0	0	0	0.0446828	0	0	0	21.496171	0	0	0	0.26455	0	0	0	0.356436	0	0.2053947	0	0.7320306	0	0	0	0.0440141
M00189	0	0	0	0	0	0	0	0	0	0	0	0	0	0	0	0	0	0	0	0	0	0	0	0	0	0	0	0	0	0.207469	0	0	0	0	0	0	0	0	0	0	0	0	0	0	0	0	0	0	0	0	0	0	0.0318119	0	0	0	0	0	0	0	0	0	0	0	0	0	0	0	0	0	0	0	0	0	0	0	0	0	0	0	0	0	0	0	0	1.03734	0	0	0	0	0	0	0	0	0	0	0	0	0	0	0	0	0	0	0	0	0	0	0	0	0	0	0	0	0	0	0	0
M00209	0	0	0	0	0	0	0	0	0	0	0	0	0	0	0	0	0	0	0	0	0	0	0	0	0	0	0	0	0	0.291545	0	0	0	0	0	0	0	0	0	0	0	0	0	0	0	0	0	0	0	0	0	0	0	0	0	0	0	0	0	0	0	0	0	0	0	0	0	0	0	0.184502	0	0	0	0	0	0	0	0	0	0	0	0	0	1.871345	0.371069	8.587489	0.125461	0	0	1.604125	0.833333	0	0	0	0	0	0	0	0	0	0	3.01186	0	0	0	0	0	0	0	0	0	0	0	0.0282051	0	0	0	0
M00233	0	0	0	0	0	0	0	0	0	0	0	0	0	0	0	0	0	0	0	0	0	0	0	0	0	0	0	0	0	0	0	0	0	0	0	0	0	0	0	0	0	0	0	0	0	0	0	0	0	0	0	0	0	0	0	0	0	0	0	0	0	0	0	0	0	0	0	0	0	0	0	0	0	0	0	0	0	0	0	0	0	0	0	0	0	0	0	0	0	0.126829	0	0	0	0	0	0	0	0	0	0	0	0	0	0	0	0	0	0	0	0	0	0	0	0	0	0	0	0
M00234	0	0	0	0	0	0	0	0	0	0	0	0	0	0	0	0	0	0	0	0	0	0	0	0	0	0	0	0	0	0.940437	0	0	0	0	0	0	0	0	0	0	0	0	0	0	0	0	0.34	0	0	0	0	0	0.5	0	0	0	0	0	0	0	0	0	0	0	0	0	0	0	0	0	0	0	0	0	0	0	0	0	0	0	0	0.25	0	0.25	0.25	0.25	0	1.181034	0	0	0	0	0	0	0	0	0	0	0	0	0	0	0	0	0	0	0	0	0	0	0	0	0	0	0	0	0	0
M00236	0.696124	0	0	0	0.457049	0	0	0.196517	0	0	0	0	0	0	0	0	0	0	0	0	0	0	0	0.238095	0	0	0	0	0	0	0	0	0	0	0	0	0	0	0	0	0	0	0	0	0	0	0	0	0	0	0	0	0	0	0	0	0	0	0	0	0	0	0	0	0	0	0	0	0	0	0	0	0	0	0	0.217391	0	0	0	0.0904762	0	0	0	0	0	0.504572	0	0	0	0.477656	0.218954	0	0	0	0	0	0	0	0	0	0	0	0	0	0	0	0	0	0	0	0	0.238095	0	0	0	0	0	0
M00238	1.2973	0	0	0	0	0	0	0	0	0	0	0	0.482759	0	0	0	0	0	0	0	0	0	0	0	0	0	0	0	0	0	0	0	0	0	0	0	0	0	0	0	0	0	0	0	0	0	0	0	0	0	0	0	0	0	0	0	0	0	0	0	0	0	0	0	0	0	0	0	0	0	0	0	0	0	0	0	0	0	0	0	0	0	0	0.583333	0	0.175676	0	0	0	0	0	0	0	0	0	0	0	0	0	0	0	0	0	0	0	0	0	0	0	0	0	0	0	0	0	0	0	0
M00239	0.0967118	0	0	0.19305	4.612304	0	0	0.482625	0.0986193	0	0	3.5918616	2.640006	0.176319	0.756411	0	0.192407	0	0	0	0.187902	0.435953	0	0.288932	0	0.714106	0	0.149254	0.112203	0.636543	0	0	0.3861	0	0	0	0	0	0	0	0	0	0	2.660396	0	0	0.1416172	0	0	0	0	2.055059	0.0965251	0	0.092081	0	0	0	0	0	0.346051	0	0	1.1129551	0	0.462963	0	0	0	0.0385802	0	0	0.6570135	0	0.4125721	0	0.0771605	0	0.2024735	0	0.274725	0.3590135	0	1.7789954	1.7457867	15.6648573	0.2657666	0.4705991	0.0447837	0.5684772	0	0.1930502	0	0	0	0	0	0	0	0.617284	0.0965251	2.9858631	0	0	0.578507	0.0965251	0	0	0	0	0.587143	0.3076132	0	0.347932	0	0.229916	0	0
M00240	0	0	0	0	0.778367	0	0	0	0	0	0	0.399786	0	0	0.811594	0	0	0	0	0	0	0	0	0	0	0	0	0	0	3.412542	0	0	0	0	0	0	0	0	0	0	0	0	0	0	0	0	0.314507	0	0	0	0	0.869119	0	0	0	0.583333	0	0	0	0	0	0	0	1.1236202	0	0.601732	0	0	0	0	0	0	0	0	0	0	0	0	0.459496	0	0.159236	0	0	0.162338	1.314079	4.66647818	0	0.8425296	0	1.187212	0.234742	0	0	0	0	0	0	0	0	0	0	0.450704	0	0	0	0	0	0	0	0	0.6587636	0.67287	0	0.6920784	0	0.162338	0	0
M00243	0	0	0	0	0	0	0	0	0	0	0	0.96875	0	0	0	0	0	0	0	0	0	0	0	0	0	0	0	0	0	0	0	0	0	0	0	0	0	0	0	0	0	0	0	0	0	0	0	0	0	0	0	0	0	0	0	0	0	0	0	0	0	0	0	0	0	0	0	0	0	0	0	0	0	0	0	0	0	0	0	0	0	0	0	0	0	0	0	0	0	0	0	0	0	0	0	0	0	0	0	0	0	0	0	0	0	0	0	0	0	0	0	0	0	0.204082	0	0	0	0
M00244	0	0	0	0	1.740541	0	0	0	0	0	0	0.140541	0	0	0	0	0	0	0	0	0	0	0	0	0	0	0	0	0	0.196396	0	0	0	0	0	0	0	0	0	0	0	0	1.962953	0.6	0	0	0	0	0	0	0	0	0	0	0	0	0	0	0	0	0	0	0	0	0	0	0	0.27027	0	0	0	0	0	0	0	0	0	0	0	0.27027	0	0.2	0	0.798607	0.582011	6.942906	0	0.574118	0	0.703746	0	0.2	0	0	0	0	0	0	0	0	0	0.73545	0	0	0	0	0	0	0	0	0	0	0	0.2	0	0	0	0
M00254	0	0	0	0	0.604934	0	0	1.84426	0	0	0	0	0	0	0	0	0	0	0	0	0	0	0.186567	0	0	0	0	0	0.614754	1.032338	0	0	0	0	0.547814	0.373134	0	0	0	0	0	0	0	0.193989	0	0	0	0	0	0	0	0.0204918	0.160448	0	0.196721	0	0	0	0.0982318	0	0.204918	0	0	0.0980392	0.204082	0.576503	0	0	0	0	0	0	0	1.22951	0	0.0952381	0	0	0.121585	0	0	0.3029572	0	0.196464	0.350836	5.272505	0	1.22951	0	0.389344	0.140547	0	0	0	0	0	0	0	0	0	0	0	0	0	0	0.72093	0	0	0	0	0	0.373134	0	0.11194	0	0	0	0
M00258	0	0	0	0	1.7611405	0	0	0	0	0	0	0	0	0	0.0533333	0	0	0	0	0	0	0	0	0	0	0	0	0	0	0.0138249	0	0	0	0	0	0	0	0	0	0	0	0	0	0.4647524	0	0	0	0	0	0	0	0.7361879	0	0	0	0	0	0	0	0	0	0	0	0.972745	0	0.973064	0	0	0	0	0	0	0	0	0	0.25	0	0	0	0	0	0.115075	0	0.0789889	0.2988674	4.3802566	0	0.117647	0.0575374	0.157233	0.0572197	0	0	0	0	0	0	0	0	0	0	0.0584795	0	0	0	0	0	0	0	0	0	0	0	0	0	0	0	0
M00260	0	0	0	0	5.309146	0	0	0	0	0	0	0.5437424	0.551529	0	0	0	0	0	0	0	0.226244	0	0	0	0	0	0	0	0	0.9507607	0	0	0	0	0	0	0	0	0	0	0	0	0	1.5484866	0	0	1.0442087	0	0	0	0	0	0	0	0	0	0	0	0	0	0	0	0	0.3980153	0	0.457301	0	0	0	0	2.574	0	0	0.0884174	0	0.1968897	0	0	0	0	0.142857	0	0	0.5763152	0.8021843	10.8328314	0	2.057838	0.166014	1.1600353	0.3168907	0.0442087	0	0	0	0	0	0	0	0	0	2.045387	0	0.17094	0	0.1176301	0	0	0	0	0.0884173	0.3062187	0	0.1795491	0	0	0	0
M00268	0	0	0	0	0.4545654	0	0	1.207859	0	0	0.1573237	1.236096	2.7099517	0	0.170699	0	0	0	0	0	0	0	0	0	0	0	0	0	0	0.100806	0	0	0	0	0	0	0.201613	0	0	0.201613	0	0	0	1.22853	0	0	0	0	0	0.1002	0	2.218839	0.100806	0	0.366995	0	0	0.255754	0	0.223959	0	0.246305	0	3.314352	0	1.202815	0.127877	0	0	0	0	0	0	0	0.301812	0	0	0	0.1002	0.100806	0	0	0.0666667	0.201613	0.517069	3.837951	0	0	0	0	0.1599458	0	0	0.2808969	0	0	0	0	0	0	0	1.081521	0	0	0	0	0	0	0.100806	0	0	0	0	0.618742	0	0	0	0
M00269	0	0	0	0	0	0	0	0	0	0	0	0	0.649351	0	0	0	0	0	0	0	0	0	0	0.0286797	0	0	0	0	0	0	0	0	0	0	0	0	0	0	0	0	0	0	0	0	0	0	0	0	0	0	0	0	0	0	0	0	0	0	0	0	0	0	0	0.0811688	0	0	0	0	0	0	0	0	0	0	0	0	0	0	0	0	0	0	0.396135	0	0	0.2429658	0	0.0811688	0	0.185874	0	0	0	0	0	0	0	0	0	0	0	0	0	0	0	0	0	0	0	0	0	0	0	0.0814332	0	0	0	0
M00271	0	0	0	0	0	0	0	0	0	0	0	0.680556	0	0	0	0	0	0	0	0	0	0	0	0	0	0	0	0	0	0	0	0	0	0	0	0	0	0	0	0	0	0	0	0.156495	0	0	0	0	0	0	0	0	0	0	0	0	0	0	0	0	0.0782473	0	0	0	0	0	0	0	0	0	1.04167	0	0	0	0	0	0	0	0	0	0	0	0	0	0.0782473	0.809273	0	0	0	0.156495	0	0	0	0	0	0	0	0	0	0	0	1.04903	0	0	0	0	0	0	0	0	0	0	0	0.0735524	0	0	0	0
M00276	0	0	0	0	0.70922	0	0	0.877323	0	0	0	0.815994	0.425532	0	0	0	0	0	0	0	0	0	0	0	0	0	0	0	0.180505	0.361011	0	0	0	0	0	0	0	0	0	0.212766	0	0	0	0.379061	0	0	0	0	0	0	0	1.6513	0.165957	0	0.538316	0	0	0	0	0	0.212766	0	0	0	0	1.06703	0	0.57305	0	0	0	0	0	0	0	0.0910165	0	0	0	0	0	0	0	0	0	1.432661	0	0.212766	0	0.177305	0	0	0	0	0	0	0	0	0	0	0	0.180505	0	0	0	0	0	0	0	0	0	0	0	0	0	0.180505	0.180505	0
M00307	0.058072	0	0.116144	0.423729	2.35734	0.058072	0	0.4461836	0	0	0	0.510214	0.3295296	0	0.174216	0.116144	0	0	0	0	0.0352304	0.232288	0	0	0	0	0	0	0.232288	0.116144	0	0	0.117509	0	0.232288	0.218351	0	0	0	0	0	0	0	3.352109	0	0	0.058072	0	0	0	0	1.04878	0.058072	0	0.406504	0	0	0	0	0	0.1157569	0	0	1.680271	0	0.175581	0	0	0	0.058072	0	0	0	0	0.058072	1.1471356	0	0.0549748	0.0499419	0	0.3281764	0.348432	0	0.7523265	0.5431082	13.451137	0.058072	0.465941	0.3223914	0.116144	0.1520245	0.1300813	0	0	0	0	0	0	0	0	0.058072	1.069576	0	0	0	0	0	0	0	0	0	0.171233	0	0.469201	0	0.269518	0	0
M00335	1.79845	0	0	0	29.467985	0	0	10.01274	0.0608273	0	0	11.7985179	1.573891	0.121655	1.259125	0	0.00932685	0	0.0608273	0	0.514492	0	0	0	0	0.0608273	0	0	1.4927823	0	0	0	0	0	2.390028	0.534884	0	0.0515004	0	1.7232083	0	0	0.319489	7.145932	0	0	0	0.0478508	0	0	0	5.6065063	0	0	0.6165913	0	0	0	0	0	1.449501	0	0	5.909852	0	1.3377026	0	0	0	0	0	0	3.3883796	2.051885	0.4112143	1.1514033	0	0	0.3323413	0.132979	0.0608273	0.4257906	1.562112	1.7339242	3.393663	44.790078	0.405072	3.0110726	0.4062523	0.6100266	1.1413651	0.2797582	0	0	0	0	0.0608273	0.21519	0	0	0	6.282556	0	0	0	0	0	0	0	0	0.405843	0	0	0.1573399	0	0.0608273	0	0.0355556
M00336	0	0	0	0	5	0	0	0	0	0	1.54839	0	1	0	0	0	0	0	0	0	0	0	0	0	0	0	0	0	1.91667	0	0	0	0	0	1.97917	0	0	0	0	0	0	0	0	0	0	0	0.75	0	0	0	0	9.89583	0	0	0	0.71875	0	0	0	0	0	0	0	1.625	0	0	0	0	0	0	0	0	0.0833333	0	0.5	0	0	0	0	0	0	0.989583	1	1.82292	0	4.61875	0	1	0	0	0	0	0	0	0	0	0	0	0	0	0	0.45	0	0	0	0	0	0	0	0	0	0	0	0.96875	0	0	0	0
M00342	0	0	0	0	2.085016	0	0	0	0	0	0	0	0	0	0	0	0	0	0	0	0	0	0	0	0	0	0	0	0	0.2962729	0	0	0	0	0	0	0	0	0	0	0	0	0	0	0	0	0	0	0	0	0	0	0.114155	0	0.110316	0	0	0	0	0	0	0	0	0	0	0.0974659	0	0	0	0	0	0	0	0	0	0	0	0	0	0	0	0.0894454	0	0	0	2.4199738	0	0	0	0.0131187	0	0.114155	0	0	0	0	0	0	0	0	0	0	0	0	0	0	0	0	0	0	0	0	0	0.0894454	0	0.0894454	0	0
M00346	0.397878	0	1.060124	0	5.2236974	0	0	10.287363	0	0	0	4.030058	6.6507197	0	0.800177	0	0	0	0	0	0.18797	0.265252	0	0.34748	0	0.66313	0	0	4.543787	0.265252	0	0	1.570292	0.132626	2.19717	2.882581	0	0	0	1.053345	0	0	0.795756	8.640094	0	0	0	0	0	0	0	12.077972	0	0	1.384616	0	0	0	0	0.37594	2.35213	0.113174	0	7.78077	0	1.557029	0	0.162429	0	0	1.472152	0.495137	5.5205366	0	2.405477	0.742706	0	0	0.265252	0	0	0.770999	0.132626	0.132626	1.95415	6.713843	0.265252	0.132626	0	0.615767	0.397878	0.132626	0	0	0	0	0	0	0	0	0	2.74436	0	0	0	0	0	0	0	0	0	0	0	0.265252	0	0	0	0
M00357	0	0	0	0	0	0	0	0	0	0	0.333333	0.158228	0.151976	0	0.258439	0	0	0	0	0	0	0	0	0	0	0	0	0	0.050641	0.151976	0	0	0.151976	0	0	0	0	0	0	0	0	0	0	0	0	0	0	0	0	0	0	0.0759878	0.821737	0	0	0	0	0	0	0	0	0	0	0.158228	0	0	0	0	0	0	0.248227	0	0	0	0	0.0759878	0	0	0.1930838	0.676471	0	0.0759878	0	0.500517	0.1199761	3.5170272	0	0.4594238	0	0.6020489	0.2279634	0.0759878	0	0	0	0	0	0	0	0	0	0.146628	0	0	0	0.088968	0	0	0	0	0	0.117096	0	0.3682878	0	0	0	0
M00359	0.0758704	0	0	0	10.9590688	0	0.106564	4.5267877	0	0	0	3.4055386	2.3055929	0	0.8928711	0.651803	0	0	0	0.0297398	0	0.5860047	0	0	0	1.238694	0	0.0639386	1.1164966	4.1882002	0.4832444	0	1.5177427	0.110132	1.168779	0.5817969	0	1.2362816	0	0.2227311	0.121951	0.0591017	0.123762	4.5792823	0.0591017	0	0.123762	0.0796178	0	0	0	2.4558382	1.2550774	0	0.161444	0.1762996	0	0.121951	0	0.781139	0.9896209	0	0	2.2018749	0	3.3376964	0	0.3724347	0	0.123762	0.123762	0	3.9255879	0.531915	1.2065176	0.3837167	0.1328819	0	0.454203	0.1639689	0.2665707	0.9134812	0.0690608	5.13063437	3.8995602	66.46986796	0.4700184	5.8085216	0.67102941	4.4502836	1.7393394	1.1406786	0	0	0	0	0	0	0.387597	0.1278772	0	6.947704	0	0	0	0.4195076	0	0	0	0.324867	0.665622	0.4676306	0	0.6045449	0	0.1309234	0.0468604	0.123762
M00360	0.0758704	0	0	0	10.9590688	0	0.106564	4.5267877	0	0	0	3.4055386	2.3055929	0	0.8928711	0.651803	0	0	0	0.0297398	0	0.5860047	0	0	0	1.238694	0	0.0639386	1.1164966	4.1882002	0.4832444	0	1.5177427	0.110132	1.168779	0.5817969	0	1.2362816	0	0.2227311	0.121951	0.0591017	0.123762	4.5792823	0.0591017	0	0.123762	0.0796178	0	0	0	2.4558382	1.2550774	0	0.161444	0.1762996	0	0.121951	0	0.781139	0.9896209	0	0	2.2018749	0	3.3376964	0	0.3724347	0	0.123762	0.123762	0	3.9255879	0.531915	1.2065176	0.3837167	0.1328819	0	0.454203	0.1639689	0.2665707	0.9134812	0.0690608	5.13063437	3.8995602	66.46986796	0.4700184	5.8085216	0.67102941	4.4502836	1.7393394	1.1406786	0	0	0	0	0	0	0.387597	0.1278772	0	6.947704	0	0	0	0.4195076	0	0	0	0.324867	0.665622	0.4676306	0	0.6045449	0	0.1309234	0.0468604	0.123762
M00361	0	0	0	0	0	0	0	0.308333	0	0	0	0	0	0	0	0	0	0	0	0	0	0	0	0	0	0	0	0	0	0	0	0	0	0	0	0	0	0	0	0	0	0	0	0	0	0	0	0	0	0	0	0	0	0	0	0	0	0	0	0	0	0	0	0	0	0	0	0	0	0	0	0	0	0	0	0	0	0	0	0	0	0	0	0	0	0.0989583	0	1.067815	0	0	0.540741	0	0	0	0	0	0	0	0	0	0	0	0	0	0	0	0	0	0	0	0	0	0	0	0	0	0	0
M00362	0	0	0	0	0.87016	0	0	0.308333	0	0	0	0.114943	0.0114943	0	0.114176	0	0	0	0	0	0	0	0	0	0	0	0	0	0	0	0	0	0.229885	0	0	0	0	0	0	0	0.229885	0	0	0.0467433	0	0	0	0	0	0	0	0	0	0	0	0	0	0	0	0	0.344061	0	0	0	0	0	0	0.663602	0	0	0	0	0	0	0	0	0	0	0	0.114943	0.114943	0	0	0	0.505718	5.4589463	0	1.474712	0	0.11724185	0.540741	0.114943	0	0	0	0	0	0	0	0	0	0.27433	0	0	0	0	0	0	0	0	0	0	0	0.411495	0	0	0	0
M00368	0	0	0	0	0.2642049	0	0	0.142045	0	0	0	0.568181	1.42045	0	0	0	0	0	0	0	0	0	0	0	0	0	0	0	0.142045	0.284091	0	0	0	0	0	0	0	0	0	0	0	0	0	0	0	0	0.142045	0	0	0	0	0.411932	0	0	0	0	0	0	0	0	0	0	0	0.426136	0	0.340136	0	0	0	0	0	0	0	0	0	0	0	1	0.170068	0	0	0.683712	0	0.284091	0.142045	9.071363	0.315378	0.428599	0	0.28409	0	0.170068	0	0	0	0	0	0	0	0	0	0.544508	0	0	0	0	0	0	0	0	0	0.144509	0	0.284091	0	0	0	0
M00373	0	0	0	0	0	0	0	0	0	0	0	0	0	0	0	0	0	0	0	0	0	0	0	0	0	0	0	0	0	0	0	0	0	0	0	0	0	0	0	0	0	0	0	0	0	0	0	0	0	0	0	0	0	0	0	0	0	0	0	0	0	0	0	0	0	0	0	0	0	0	0	0	0	0	0	0	0	0	0	0	0	0	0	0	0.51584	1.27204	0	0	0	0.103306	0	0	0	0	0	0	0	0	0	0	0	0.413223	0	0	0	0	0	0	0	0	0	0	0	0	0	0	0	0
M00374	0.380343	0	0	0	5.4348266	0	0	1.544754	0	0	0	0.6902468	1.004695	0	0.3563154	0	0	0	0	0	0	0	0	0	0	0	0	0	0	0.234742	0	0	0	0	0	0	0	0.443662	0	0.123631	0	0	0	2.1675818	0	0	0	0	0	0	0	1.746399	0.29581	0	0	0.00371747	0	0	0	0.823557	0.3276788	0	0	1.344364	0.119332	0.206073	0	0	0	0.119332	0	0.988793	0	0	0	0.3896202	0.0526642	0.339593	0.464789	0.1489695	0.1858736	0.234742	0	2.9838318	0.2569593	29.6376598	0.1713616	0.6557935	0.185874	0.14684	0.0929368	0.0929368	0	0	0	0	0	0	0	0	0	1.381178	0	0	0	0	0	0	0.0929368	0	0	0.3509945	0	1.0518938	0	0	0	0
M00375	0	0	0	0	0	0	0	0	0	0	0	0	0	0	0	0	0	0	0	0	0	0	0	0	0	0	0	0	0	0	0	0	0	0	0	0	0	0	0	0	0	0	0	0	0	0	0	0	0	0	0	0	0	0	0	0	0	0	0	0	0	0	0	0	0	0	0	0	0	0	0	0	0	0	0	0	0	0	0	0	0	0	0	0	0.51584	1.27204	0	0	0	0.103306	0	0	0	0	0	0	0	0	0	0	0	0.413223	0	0	0	0	0	0	0	0	0	0	0	0	0	0	0	0
M00376	0.380343	0	0	0	5.4348266	0	0	1.544754	0	0	0	0.6902468	1.004695	0	0.3563154	0	0	0	0	0	0	0	0	0	0	0	0	0	0	0.234742	0	0	0	0	0	0	0	0.443662	0	0.123631	0	0	0	1.1675818	0	0	0	0	0	0	0	1.746399	0.29581	0	0	0.00371747	0	0	0	0.823557	0.3276788	0	0	1.344364	0.119332	0.206073	0	0	0	0.119332	0	0.988793	0	0	0	0.3896202	0.0526642	0.339593	0.464789	0.1489695	0.1858736	0.234742	0	2.9838318	0.7727993	30.9096998	0.1713616	0.6557935	0.185874	0.250146	0.0929368	0.0929368	0	0	0	0	0	0	0	0	0	1.794401	0	0	0	0	0	0	0.0929368	0	0	0.3509945	0	1.0518938	0	0	0	0
M00377	0	0	0	0	0.419436	0	0	0	0	0	0	0.333333	0	0	0	0	0	0	0	0	0	0	0	0	0	0	0	0	0	1.23457	0	0	0	0	0	0	0	0	0	0	0	0	0	0	0	0	0	0	0	0	0	0	0.2674894	0	0	0	0	0	0	0	0	0	0	0	0	0	0	0	0	0	0	0	0	0	0	0	0	0	0	0.115226	0	0	0	0	0.202429	0.718746	0	0.106996	0	0.505666	0.205761	0	0	0	0	0	0	0	0	0	0	0	0	0	0	0	0	0	0	0	0.213675	0	0	0	0	0.33557	0	0
M00394	0.4703418	0	1.060124	0	21.6809074	0.316957	0	11.3091332	0.1496024	0	0	7.3540308	8.1056688	0	0.9379896	0.4507539	0	0	0	0.0792393	0.2601201	0.265252	0	0.34748	0	1.048593	0	0	5.52856	1.7035973	0.277716	0	1.7828251	0.132626	2.723648	2.882581	0	0.217391	0	1.198273	0	0	0.795756	8.3028587	0	0	0.144928	0	0	0	0.111235	16.584946	0	0	1.4638553	0.0924214	0	0	0	0.37594	2.7167011	0.113174	0	8.541646	0	2.9236482	0	0.3672134	0.0983847	0.0724638	1.472152	0.495137	5.9964096	0.875482	2.6874124	0.8431105	0	0	0.4509661	0	0.1864064	0.8392118	0.317469	1.102786	4.3319262	28.2997644	0.4720212	0.7803938	0.1930876	1.9331687	1.1958869	0.132626	0	0	0	0	0	0	0.0112441	0	0.0724638	5.503803	0	0	0	0	0	0	0	0	0.2457	0.12824	0	0.7546961	0	0.2779011	0	0
M00432	0	0	0	0	0	0	0	0.186992	0	0	0	0	0	0	0	0.134459	0	0	0	0	0	0	0	0.0938086	0	0	0	0	0	0.22779	0	0	0	0	0	0.0440835	0	0	0	0	0	0	0	0	0	0	0	0	0	0	0	0	0.390243	0	0	0	0	0	0	0	0	0	0	0.187617	0	0.0938086	0	0	0	0	0	0	0	0	0	0.154799	0	0	0	0	0	0	0	1.313895	0.381259	4.67016617	0	0.0938086	0	0.2799429	0.0938086	0.0938086	0	0	0	0	0	0	0	0	0	0.616301	0	0	0	0	0	0	0	0	0	0.293806	0	0.279861	0	0	0	0
M00436	0	0	0	0	0	0	0	0	0	0	0	0	0	0	0	0	0	0	0	0	0	0	0	0	0	0	0	0	0	0.687075	0	0	0	0	0	0	0	0	0	0	0	0	0	0	0	0	0	0	0	0	0	0	0	0	0	0	0	0	0	0	0	0	0	0	0	0	0	0	0	0	0	0	0	0	0	0	0	0	0	0	0	0	0	0	0	0	0	0	0	0	0	0	0	0	0	0	0	0	0	0	0	0	0	0	0	0	0	0	0	0	0	0	0	0	0	0	0	0
M00443	0	0	0	0	1.156815	0.280899	0	0.67071	0	0	0	0.262172	0.280112	0	0.273408	0	0	0	0	0	0.070028	0	0	0	0	0.306748	0	0	0	0	0	0	0	0	0.560224	0	0	0	0	0.540971	0	0	0	1.119517	0	0	0	0	0	0	0	1.03464	0	0	0	0	0	0	0	0	0	0	0	1.405695	0.153374	0.636657	0	0	0	0	0	0	0	0	0	0	0	0	0	0	0	0.0777096	0	0.962547	0.787323	7.02204164	0	1.278631	0	0	0	0	0	0	0	0	0	0	0	0	0	0.561798	0	0	0	0	0	0	0	0	0.153374	0	0	0.561798	0	0	0	0
M00461	0	0	0	0	3.099666	0	0	0	0	0	0	3.01771	0	0	0.456096	1.244566	0	0	0	0	0	0	0	0	0	0	0	0	0.543478	0	0	0	0	0	0	0	0	0.202429	0	0	0	0	0	2.35428	0	0	0	0	0	0	0	0.916432	0	0	0	0	0	0	0	0	0.79529	0	0	3.3764774	0	0.202429	0.265957	0.549517	0	0	0	0	0	0	0	0.0905797	0	0	0	0	0	0.534186	0	0.679818	0.3566493	13.6265364	0.372954	0.3717944	0.433029	0.7901428	0.454545	0.202429	0	0	0	0	0	0	0	0	0	1.732121	0	0	0	0	0	0	0	0	0	0	0	0	0	0.55576	0	0
M00525	0	0	0	0	5.552854	0	0.236967	0	0	0	0	1.422392	1.311707	0	0	0	0	0	0	0	0	0	0	0	0	0	0	0	0.151515	0.19084	0	0	0.847328	0	0	0	0	0	0	0	0	0	0	0	0	0	0	0	0	0	0	0.381679	0	0	0	0	0	0	0	0	0.342355	0	0	2.440935	0	0.342355	0	0	0	0	0	0	0	2.24506	0.669211	0	0	0	0.236967	0	0	0.151515	0	0.151515	0.19084	4.641082	0.122137	1.9317489	0.0959596	0.19084	0.3336591	0	0	0	0	0	0	0	0	0	0	1.7236505	0	0	0	0.151515	0	0	0	0	0	0	0	0	0	0.0555556	0	0
M00526	0	0	0	0	5.552854	0	0.236967	0	0	0	0	1.422392	1.311707	0	0	0	0	0	0	0	0	0	0	0	0	0	0	0	0.151515	0.19084	0	0	0.847328	0	0	0	0	0	0	0	0	0	0	0	0	0	0	0	0	0	0	0.381679	0	0	0	0	0	0	0	0	0.342355	0	0	2.440935	0	0.342355	0	0	0	0	0	0	0	2.24506	0.669211	0	0	0	0.236967	0	0	0.151515	0	0.151515	0.19084	4.641082	0.122137	1.9317489	0.0959596	0.19084	0.3336591	0	0	0	0	0	0	0	0	0	0	1.7236505	0	0	0	0.151515	0	0	0	0	0	0	0	0	0	0.0555556	0	0
M00527	0	0	0	0	5.552854	0	0.236967	0	0	0	0	1.422392	1.311707	0	0	0	0	0	0	0	0	0	0	0	0	0	0	0	0.151515	0.19084	0	0	0.847328	0	0	0	0	0	0	0	0	0	0	0	0	0	0	0	0	0	0	0.381679	0	0	0	0	0	0	0	0	0.342355	0	0	2.440935	0	0.342355	0	0	0	0	0	0	0	2.24506	0.669211	0	0	0	0.236967	0	0	0.151515	0	0.151515	0.19084	4.641082	0.122137	1.9317489	0.0959596	0.19084	0.3336591	0	0	0	0	0	0	0	0	0	0	1.7236505	0	0	0	0.151515	0	0	0	0	0	0	0	0	0	0.0555556	0	0
M00529	0.3267011	0	0	0	12.340639	0	0	0.640833	0	0	0	2.99084	1.0657555	0	0.3587407	0.3545	0	0	0	0.1081544	0.0496032	0.0992064	0	0	0.727891	0.0661376	0	0	0.1942117	0.926743	0	0	0.0515873	0	0.437158	0.2889516	0	0	0	0.0824515	0	0	0	1.6487178	0	0	0.6434868	0	0	0	0	2.466804	0.1635698	0	0.531458	0.235792	0	0.102459	0	0	1.5215494	0.0656966	0	0.6833192	0	1.3360951	0	0	0	0.102459	1.13316	0	0.0420168	0	0	2.2036382	0.124444	0	0.296281	0	0.8294749	0.9556387	0.3367	1.06633	1.1521239	28.3696064	0.3376789	0.8055491	0.0496032	0.8929745	1.0009246	0.5304397	0	0	0	0	0	0	0	0	0	2.938256	0	0.0546448	0	0	0	0	0	0	0.20202	0.102459	0	1.32871373	0	0.409659	0.0840336	0
M00530	0.1427732	0	0	0	8.010421	0	0	0.2322404	0	0	0	2.0568639	1.0657555	0	0.1234674	0.156087	0	0	0	0.0420168	0.0496032	0.0992064	0	0	0	0	0	0	0.0909057	0	0	0	0	0	0	0.2889516	0	0	0	0	0	0	0	1.2471118	0	0	0.2469348	0	0	0	0	2.165085	0	0	0.369709	0.235792	0	0.102459	0	0	1.5215494	0	0	0.6392421	0	1.3360951	0	0	0	0.102459	0	0	0.0420168	0	0	2.4845676	0.124444	0	0.1864926	0	0.7633373	0.535886	0	0.809169	0.7256391	16.8482844	0.3376789	0.4598701	0.0496032	0.4554724	0.0420168	0.1549058	0	0	0	0	0	0	0	0	0	1.875133	0	0	0	0	0	0	0	0	0	0.102459	0	0.6389366	0	0.102459	0.9314916	0
M00535	0	0	0	0	0	0	0	0	0	0	0	0	0	0	0	0	0	0	0	0	0	0	0	0	0	0	0	0	0	0	0	0	0	0	0	0.0440835	0	0	0	0	0	0	0	0	0	0	0	0	0	0	0	0	0.232019	0	0	0	0	0	0	0	0	0	0	0	0	0	0	0	0	0	0	0	0	0	0	0	0	0	0	0	0	0	0	0	0	1.34360777	0	0	0	0.2799429	0	0	0	0	0	0	0	0	0	0	0	0.401709	0	0	0	0	0	0	0	0	0	0.293806	0	0.116009	0	0	0	0
M00549	0	0	0	0	0	0	0	0.343915	0	0	0	0.412088	0	0	0	0	0	0	0	0	0	0	0	0.189153	0	0	0	0	0	0	0	0	0	0	0	0	0	0	0	0.824175	0	0	0	0.25	0	0	0	0	0	0	0	0.807489	0	0	0	0	0	0	0	1	0	0	0	0	0	0	0	0	0	0	0	0	0	0	0	0.209205	0	0	0	0	0	0.213675	0.25	0.198413	0.213675	3.544834	0.395833	0.0712251	0	0	0	0	0	0	0	0	0	0	0	0	0	0.839439	0	0	0	0	0	0	0	0	0	0	0	0	0	0	0	0
M00554	0	0	0	0	0	0	0	0	0	0	0	0	0	0	0	0	0	0	0	0	0	0	0	0	0	0	0	0	0	0	0	0	0	0	0	0	0	0	0	0	0	0	0	0	0	0	0	0	0	0	0	0	0	0	0	0	0	0	0	0	0	0	0	0	0	1.39024	0	0	0	0	0	0	0	0	0	0	0	0	0	0	0	0	0	0	0	0	0	0	0	0	0	0	0	0	0	0	0	0	0	0	0	0	0	0	0	0	0	0	0	0	0	0	0	0	0	0	0	0
M00570	0	0	0	0	2.2851177	0	0	0	0	0	0	0.258997	0	0	0	0	0	0	0	0	0	0	0	0	0	0	0	0	0	1.495275	0	0	0	0	0	0	0	0	0	0.0884956	0	0	0.129794	0	0	0	0	0	0	0	0	0.540541	0.1794047	0	0	0	0	0	0	0	0.550125	0	0	0.438095	0	0.0387175	0	0	0.192308	0	0	0	0	0.0884956	0	0.0884956	0	0	0.339716	0	0	1.150489	0	0.4899275	0.9911461	17.0280042	0	0.3374677	0	1.2132865	0.0907441	0.146624	0	0	0	0	0	0	0	0	0	2.163742	0	0	0	0	0	0	0	0	0	0	0	0.0884956	0	0	0.176991	0
M00579	0	0	0	0	0	0	0	0	0	0	0.333333	0.158228	0	0	0.258439	0	0	0	0	0	0	0	0	0	0	0	0	0	0	0	0	0	0	0	0	0	0	0	0	0	0	0	0	0	0	0	0	0	0	0	0	0	0	0	0	0	0	0	0	0	0	0	0	0.158228	0	0	0	0	0	0	0	0	0	0	0	0	0	0	0	0.676471	0	0	0	0	0	0.158228	0	0.158228	0	0	0	0	0	0	0	0	0	0	0	0	0	0	0	0	0	0	0	0	0	0	0	0	0	0	0	0	0	0
M00581	0	0	0	0	0	0	0	0	0	0	0	0	0	0	0	0	0	0	0	0	0	0	0	0	0	0	0	0	0	0	0	0	0	0	0	0	0	0	0	0	0	0	0	0	0	0	0	0	0	0	0	0	0	0	0	0	0	0	0	0	0	0	0	0	0	0	0	0	0	0	0	0	0	0	0	0	0	0	0	0	0	0.14867	0	0	0	0	0	0	0	0	0	0	0	0	0	0	0	0	0	0	0	0	0	0	0	0	0	0	0	0	0	0	0	0	0	0	0	0
M00609	0	0	0	0	0.2642049	0	0	0.142045	0	0	0	0.568181	1.42045	0	0	0	0	0	0	0	0	0	0	0	0	0	0	0	0.142045	0.284091	0	0	0	0	0	0	0	0	0	0	0	0	0	0	0	0	0.142045	0	0	0	0	0.411932	0	0	0	0	0	0	0	0	0	0	0	0.426136	0	0.340136	0	0	0	0	0	0	0	0	0	0	0	1	0.170068	0	0	0.683712	0	0.284091	0.142045	11.928503	0.315378	0.428599	0	0.28409	0	0.170068	0	0	0	0	0	0	0	0	0	0.544508	0	0	0	0	0	0	0	0	0	0.144509	0	0.284091	0	0	0	0
map00020	0.169934	0	0.116144	0.423729	2.35734	0.058072	0	0.4461836	0	0	0	0.510214	0.3295296	0	0.174216	0.116144	0	0	0	0	0.0352304	0.232288	0	0	0	0	0	0	0.232288	0.275303	0	0	0.117509	0	0.232288	0.218351	0	0	0	0	0	0	0	4.352109	0	0	0.058072	0	0	0	0	1.04878	0.058072	0	0.406504	0	0	0	0	0	0.1157569	0	0	1.680271	0	0.175581	0	0	0	0.058072	0	0	0	0	0.058072	1.2597486	0.0728228	0.0549748	0.0499419	0	0.3281764	0.348432	0.951693	0.8649395	0.3770342	13.21741	0.058072	0.465941	0.1748984	0.238994	0.3764985	0.1300813	0	0	0	0	0	0	0	0	0.058072	1.069576	0	0	0	0	0	0	0	0	0	0	0	0.174216	0	0.116144	0	0
map00190	0	0	0	0	5.43232	0	0	2.548174	0	2	0	1.130141	2.79236	0	1.201905	0	0	0	0	0	0.0136535	0	0	0	0	0	0	0.446429	0	1.4664545	0	0	1.19643	0	0	2.263806	0.446429	0	0	0	0	0	0	1.36468	0	0	0.446429	0	0	0	0	3.711016	0	0	4.05307	0	0	0	0	0	0.0707214	0	0	1.7419711	0	0.419643	0	0	0	0	0	0	0	0.352637	0	0.141243	0	0	0.626285	0.379261	0	0.0706215	1.627948	2.4543995	1.169593	22.9148805	0	0.658293	0.279762	1.3629429	0.991072	0.446429	0.0707214	0	0	0	0	0	0	0	0	0.912216	0	0	0	0	0	0	0	0	0.141243	0.4724075	0	0	0	0.0706215	0	0
map00230	0	0	0	0	0.973241	0	0	0	0	0	0	0	0	0	0	0	0	0	0	0	0	0	0	0	0	0	0	0	0	0.5455476	0	0	0	0	0	0	0	0	0	0	0.0640034	0.0649351	0	0	0	0	0	0	0	0	0	0.329837	0	0	0	0	0	0	0	0	0.1418627	0	0	0.2904127	0	0.281787	0	0	0	0	0	0	0	0	0	0.213558	0	0	0	0	0.100744	0.2205593	0	1.3973334	0.123752	3.832465	0	0.2381966	0	0.149701	0	0	0	0	0	0	0	0	0	0	0	0.2394676	0	0.063857	0	0.1287921	0	0	0	0	0	0	0	0.0783962	0	0.127714	0	0
map00240	0	0	0	0	0	0	0	1.76027	0	0	0	0	0	0	0	0	0	0	0	0	0	0	0	0.342466	0	0.219178	0	0	0	0	0	0	0	0	0	0	0	0	0	0	0	0	0	0	0	0	0	0.0913242	0	0	0	0.374429	0	0	0	0	0	0	0	0	0	0	0	1.0867582	0	0	0	0	0	0	0	0	0	0	0	0.342466	0	0	0.342466	0	0	0	0	0.40411	0	1.2219835	0	0.449772	0	0.684932	0	0	0	0	0	0	0	0	0	0	0	0	0	0	0	0	0	0	0	0	0	0	0	0	0	0	0	0
map00250	0.111011	0	0	0.0497512	7.241175	0	0	1.7820457	0	0	0	1.6754625	1.2724296	0	0.4284432	0	0	0	0	0	0	0.126582	0	0.0727979	0.044964	0.1893498	0	0	0.1765411	0.4731083	0	0	0.8195951	0	0.272248	0.0897666	0	0.6984863	0	0.7948314	0	0	1.72065	2.1458247	0	0	0.1579256	0	0	0	0	2.2402474	0.1808173	0	0.2372643	0.044964	0	0	0	0	0.2341952	0	0	2.3867512	0	1.2784086	0	0.3504511	0.0947152	0.171821	0	0	0	0	0.6006227	1.2716992	0.0448833	0	0.7849976	0.4015545	0.2788667	0.7827036	0.2743292	3.7768145	3.332889	75.4338474	0.1406555	3.3813802	0.4333061	2.8606272	0.9450177	0.3068017	0	0.0448833	0	0	0	0	0	0	0.0448833	3.527597	0.1395178	0	0	0.4371847	0	0	0.0233393	0.0632912	0.0448833	0.13982	0	0.643578	0	0.0497512	0	0
map00260	0	0	0	0	3.742421	0	0.236967	0	0	0	0	0	0	0	0	0	0	0	0	0	0	0	0	0	0	0	0	0	0.151515	1	0	0	0	0	0	0	0	0	0	0	0	0	0	0	0	0	0	0	0	0	0	0	0	0	0	0	0	0	0	0	0.151515	0	0	2.440935	0	0.151515	0	0	0	0	0	0	0	2.24506	0	0	0	0	0.236967	0	0	0.151515	0	0.151515	0	4.101061	0	1.89286	0.0959596	0	0.236967	0	0	0	0	0	0	0	0	0	0	1.658765	0	0	0	0.151515	0	0	0	0	0	0	0	0	0	0.0555556	0	0
map00270	0	0	0	0	4.284187	0	0.236967	0	0	0	0	0.966308	0	0	0	0	0	0	0	0	0	0	0	0	0	0	0	0	0.151515	0.895433	0	0	0.2849	0	0	0	0	0	0	0	0	0	0	1	0	0	0	0	0	0	0	0	0.35111	0	0	0	0	0	0	0	0.293965	0	0	2.440935	0	0.151515	0	0.286959	0	0	0	0	0	2.24506	0	0	0	0.243902	0.236967	0.13089	0	0.4325975	0	0.665236	1.5777968	12.3413293	0	2.401764	0.0959596	1.721045	0.493572	0.282486	0	0	0	0	0	0	0	0	0	1.838252	0	0	0	0.151515	0	0	0	0	0.676594	0	0	0.2554227	0	0.0555556	0	0
map00310	0	0	0	0	0	0	0	0	0	0	0	0	0	0	0	0	0	0	0	0	0	0	0	0	0	0	0	0	0	1.31818	0	0	0	0	0	0	0	0	0	0	0	0	0	0	0	0	0	0	0	0	0	0	0.4232286	0	0	0	0	0	0	0	0	0	0	0	0	0	0	0	0	0	0	0	0	0	0	0	0	0	0	0	0	0	0	0	0.292969	0.0268817	0	0	0	0.169492	0	0	0	0	0	0	0	0.1	0	0	0	0	0	0	0	0	0	0	0	0	0	0.093414	0	0.0992064	0	0.426916	0	0
map00330	0.111011	0	0	0.0497512	2.425044	0	0	1.7187545	0	0	0	1.2618869	1.2091385	0	0.3239997	0	0	0	0	0	0	0	0	0	0.044964	0.1893498	0	0	0.1765411	0.13465	0	0	0.6456269	0	0	0.0897666	0	0.3590666	0	0.4838558	0	0	1.72065	2.1458247	0	0	0.0946345	0	0	0	0	1.2020963	0	0	0.0448833	0.044964	0	0	0	0	0.202429	0	0	1.742609	0	0.4871233	0	0.1861161	0.0947152	0.1348114	0	0	0	0	0.359066	0.7919025	0.0448833	0	0.4845736	0.1795333	0.2473123	0.624476	0.2743292	1.891894	1.9380987	60.344119	0.0494196	1.972883	0.3645303	1.3525955	0.6448441	0.2244972	0	0.0448833	0	0	0	0	0	0	0.0448833	2.408752	0.1395178	0	0	0.1316577	0	0	0.0233393	0	0.0448833	0.0448833	0	0.4147993	0	0.0497512	0	0
map00340	0	0	0	0	2.017316	0	0	0.330128	0	0	0	0.681818	0	0	0.334921	0	0	0	0	0	0	0	0	0	0	0	0	0	0	0	0	0	0	0	0	0	0	0	0	0	0	0	0	0	0	0	0	0	0	0	0	0	0	0	0	0	0	0	0	0	0	0	0	0	0	0.129808	0	0	0	0	0	0	0	0	0	0	0.240385	0	0	0	0	0.245098	0	0	0.234848	0.245098	0	1.677031	0	0	0	1.210782	0	0	0	0	0	0	0	0	0	0	0	0	0	0	0	0	0	0	0	0	0	0	0	0	0.252525	0
map00350	0	0	0	0	0	0	0	0	0	0	0	0	0	0	0	0	0	0	0	0	0	0	0	0	0	0	0	0	0	1.31818	0	0	0	0	0	0	0	0	0	0	0	0	0	3	0	0	0	0	0	0	0	0	0.4232286	0	0	0	0	0	0	0	0	0	0	0	0	0	0	0	0	0	0	0	0	0	0	0	0	0	0	0	0	0	0	0	0.292969	0.0268817	0	0	0	0.169492	0	0	0	0	0	0	0	0.1	0	0	0	0	0	0	0	0	0	0	0	0	0	0.093414	0	0.0992064	0	0.426916	0	0
map00480	0	0	0	0	0.178359	0	0	0.059453	0	0	0	0.2085096	0	0	0	0	0	0	0	0	0	0	0	0	0	0	0	0	0	0.456021	0	0	0	0	0	0	0	0	0	0	0	0	0	0	0	0	0	0	0	0	0	0	0	0	0	0	0	0	0	0	0	0	0	0	0	0	0	0	0	0	0	0	0	0	0	0	0	0	0.118906	0	0	0	0	0.147493	0	2.3577714	0.059453	0.0640205	0	0.1926734	0.0758725	0	0	0	0	0	0	0	0	0	0	0	0	0	0	0	0	0	0	0	0	0	0	0.059453	0	0.0758725	0	0
map00500	0	0	0	0	0	0	0	0	0	0	0	0	0	0	0	0	0	0	0	0	0	0	0	0	0	0	0	0	0	0	0	0	0	0	0	0	0	0	0	0	0	0	0	0	0	0	0	0	0	0	0	0	0	0	0	0	0	0	0	0	0	0	0	0	0	0	0	0	0	0	0	0	0	0	0	0	0	0	0	0	0	0.177936	0	0.276243	0.259067	3.8058287	0	0.1977469	0	0	0	0	0	0	0	0	0	0	0	0	0	0.439919	0	0	0	0	0	0	0	0	0.0899281	0	0	0.088968	0	0	0	0
map00520	0	0	0	0	1.204994	0	0.0797386	0.15674	0	0.144509	0	0	0	0	0	0	0	0	0	0	0	0	0	0.138728	0	0	0	0	0	0	0	0	0	0	0.289017	0	0	0	0	0	0.144509	0.15674	0	0	0	0	0	0	0	0	0	0	0.306748	0	0	0	0	0.15674	0	0	0	0	0	0.15674	0	2.173939	0	0.144509	0	0.376155	0	0	0	0	0	0.2302508	0	0	0.191571	0	0	0.31348	0.15674	0	0.145773	6.6177665	0	0.15674	0	0.9383492	0	0.15674	0	0	0	0	0	0.144509	0.316956	0	0	0.15674	0	0	0	0	0	0	0	0	0	0	0	0.302513	0	0	0	0
map00564	0	0	0	0	0	0	0	1.200669	0	0	0	0.112867	0	0	0.00753296	0	0.224981	0	0	0	0	0	0	0	0	0	0	0	0	0.9248	0	0	0	0	0	0	0	0	0	0	0	0	0	2.389829	0	0	0	0	0	0	0	0	0.25	0	0	0	0	0	0	0	0	0	0	1.25	0	0	0	0	0	0	0	0	0	0	0	0	0	0	0	0.25	0	0.96352	0	0.71593	0	11.2797044	0	1.048523	0.246305	0.532486	0	0	0	0	0	0	0	0	0	0	0	1.214696	0	0	0	0	0	0	0.5	0	0.915254	0	0	0	0	0	0	0
map00620	0.169934	0	0.116144	0.423729	2.35734	0.058072	0	0.4461836	0	0	0.333333	0.668442	0.3295296	0	0.432655	0.116144	0	0	0	0	0.0352304	0.232288	0	0	0	0	0	0	0.232288	0.275303	0	0	0.117509	0	0.232288	0.218351	0	0	0	0	0	0	0	4.352109	0	0	0.058072	0	0	0	0	1.04878	0.058072	0	0.406504	0	0	0	0	0	0.1157569	0	0	1.838499	0	0.175581	0	0	0	0.058072	0	0	0	0	0.058072	1.2597486	0.0728228	0.0549748	0.0499419	0.676471	0.3281764	0.348432	0.951693	0.8649395	0.3770342	13.375638	0.058072	0.624169	0.1748984	0.238994	0.3764985	0.1300813	0	0	0	0	0	0	0	0	0.058072	1.069576	0	0	0	0	0	0	0	0	0	0	0	0.174216	0	0.116144	0	0
map00630	0	0	0	0	0	0	0	0	0	0	0	0	0	0	0	0	0	0	0	0	0	0	0	0	0	0	0	0	0	0	0	0	0	0	0	0	0	0	0	0	0	0	0	1	0	0	0	0	0	0	0	0	0	0	0	0	0	0	0	0	0	0	0	0	0	0	0	0	0	0	0	0	0	0	0	0	0	0	0	0	0	0	0	0	0	0	0	0	0	0	0	0	0	0	0	0	0	0	0	0	0	0	0	0	0	0	0	0	0	0	0	0	0	0	0	0	0	0
map00640	0	0	0	0	0	0	0	0.488599	0	0	0.333333	0.158228	0	0	0.258439	0	0	0	0	0	0	0	0	0	0	0	0	0	0	0	0	0	0	0	0	0	0	0	0	0	0	0	0	0	0	0	0	0	0	0	0	0	0.433136	0	0	0	0	0	0	0	0	0	0	0.158228	0	0	0	0	0	0	0	0	0	0	0	0	0	0	0	0.676471	0.162866	0	0	0.162866	0	1.150539	0	0.443942	0	0	0	0	0	0	0	0	0	0	0	0	0	0.404762	0	0.162338	0	0	0	0	0	0	0	0	0	0	0	0	0	0
map00670	0	0	0	0	0	0	0	0	0	0	0	0	0	0	0	0	0	0	0	0	0	0	0	0	0	0	0	0	0	0	0	0	0	0	0	0	0	0	0	0	0	0	0	0	0	0	0	0	0	0	0	0	0	0	0	0	0	0	0	0	0	0	0	0	0	0	0	0	0	0	0	0	0	0	0	0	0	0	0	0	0	0	0	0	0	0.726496	0	0	0	0	0	0	0	0	0	0	0	0	0	0	0	0	0	0	0	0	0	0	0	0	0	0	0	0	0	0	0	0
map00680	0	0	0	0	0	0	0	0	0	0	0.333333	0.158228	0	0	0.258439	0	0	0	0	0	0	0	0	0	0	0	0	0	0	0	0	0	0	0	0	0	0	0	0	0	0	0	0	1	0	0	0	0	0	0	0	0	0	0	0	0	0	0	0	0	0	0	0	0.158228	0	0	0	0	0	0	0	0	0	0	0	0	0	0	0	0.676471	0	0	0	0	0	0.158228	0	0.158228	0	0	0	0	0	0	0	0	0	0	0	0	0	0	0	0	0	0	0	0	0	0	0	0	0	0	0	0	0	0
map00730	0	0	0	0	3.715865	0	0	0.1560062	0	0	0	1.3074311	1.120547	0	0	0	0	0	0	0	0	0	0	0	0	0	0	0	0	0.146646	0	0	0	0	0	0	0	0	0	0.0874126	0.0815661	0	0	0	0	0	0	0	0	0	0	0.4007042	0.1560062	0	0	0	0	0	0	0	0.174825	0	0	0.2527299	0	0.5638362	0	0	0	0	0	0	0	0	0	0.0780031	0	0	0	0	0	0.302132	0	0	0.2469818	2.4618977	0.0634146	0.4389499	0	0.1975798	0	0	0	0	0	0	0	0	0	0	0	0.0874126	0	0	0	0	0	0	0	0	0.3298769	0.156006	0	0.2340091	0	0	0.156006	0
map00750	0	0	0	0	0	0	0	0	0	0	0	0	0	0	0	0	0	0	0	0	0	0	0	0	0	0	0	0	0	0	0	0	0	0	0	0	0	0	0	0	0	0	0	0	0	0	0	0	0	0	0	0	0	0	0	0	0	0	0	0	0	0	0	0	0	0	0	0	0	0	0	0	0	0	0	0	0	0	0	0	0	0	0	0	0	0.659574	0	0	0	0	0	0	0	0	0	0	0	0	0	0	0	0	0	0	0	0	0	0	0	0	0	0	0	0	0	0	0	0
map00760	0	0	0	0	0	0	0	0	0	0	0	0	0	0	0	0	0	0	0	0	0	0	0	0	0	0	0	0	0	1.31818	0	0	0	0	0	0	0	0	0	0	0	0	0	0	0	0	0	0	0	0	0	0	0.4232286	0	0	0	0	0	0	0	0	0	0	0	0	0	0	0	0	0	0	0	0	0	0	0	0	0	0	0	0	0	0	0	0.292969	0.0268817	0	0	0	0.169492	0	0	0	0	0	0	0	0.1	0	0	0	0	0	0	0	0	0	0	0	0	0	0.093414	0	0.0992064	0	0.426916	0	0
map00770	0	0	0	0	1.9929237	0	0	0	0	0	0	0.258997	0	0	0	0	0	0	0	0	0	0	0	0	0	0	0	0	0	0	0	0	0	0	0	0	0	0	0	0.0884956	0	0	0.129794	3	0	0	0	0	0	0	0	0.540541	0.0884956	0	0	0	0	0	0	0	0.176991	0	0	0	0	0	0	0	0.192308	0	0	0	0	0.0884956	0	0.0884956	0	0	0	0	0	0.353982	0	0.2654866	0.900402	6.0042816	0	0.0884956	1	0.573816	0	0	0	0	0	0	0	0	0	0	0	0.100402	0	0	0	0	0	0	0	0	0	0	0	0.0884956	0	0	0.176991	0
map00900	0	0	0	0	0.328948	0	0	0	0	0	0	0	0	0	0	0	0	0	0	0	0	0	0	0	0	0	0	0	0.164474	0.288474	0	0	0	0	0	0	0	0	0	0	0	0	0	0	0	0	0.328947	0	0	0	0	0	0.268817	0	0	0	0	0	0	0	0	0	0	1.55102	0.0404984	0	0	0	0	0	0	0	0	0	0	0	0	0	0	0	0	0	0	0	0	4.7441653	0	0	0	0.164474	1.3576328	0	0	0	0	0	0	0	0	0	0	0.698672	0	0	0	0	0	0	0	0	0.233645	0.296053	0	0	0	0.164474	0	0
map00910	0	0	0	0	4.816131	0	0	0.0632912	0	0	0	0.4135756	0.0632911	0	0.1044435	0	0	0	0	0	0	0.126582	0	0.0727979	0	0	0	0	0	0.3384583	0	0	0.1739682	0	0.272248	0	0	0.3394197	0	0.0316456	0	0	0	0	0	0	0.0632911	0	0	0	0	0.0632911	0.0411523	0	0.192381	0	0	0	0	0	0.0317662	0	0	0.6441422	0	0.7372816	0	0.164335	0	0.0370096	0	0	0	0	0.1046847	0.2796103	0	0	0.160759	0.2220212	0.0315544	0.1582276	0	1.8849205	1.2127923	13.1793764	0.0316456	1.1669512	0.0687758	1.2328577	0.3001736	0.0823045	0	0	0	0	0	0	0	0	0	0.822109	0	0	0	0	0	0	0	0.0632912	0	0.0949367	0	0.2287787	0	0	0	0
map00920	0	0	0	0	0.42735	0	0	0	0	0	0	0.564972	0	0	0	0	0	0	0	0	0	0	0	0	0	0	0	0	0	1.239782	0	0	0.2849	0	0	0	0	0	0	0	0	0	0	0	0	0	0	0	0	0	0	0	0.2849	0	0	0	0	0	0	0	0.14245	0	0	0	0	0	0	0.286959	0	0	0	0	0	0	0	0	0	0	0	0	0	0.238367	0	0	0.283951	3.2566264	0	0.144509	0	1.134417	0.14245	0.282486	0	0	0	0	0	0	0	0	0	0.179487	0	0	0	0	0	0	0	0	0	0	0	0.0265907	0	0	0	0
map02020	1.7091486	0	0	0	1.766567	0	0	2.7029717	0	0	0.54380717	3.277855	0.3476176	0	0	0.785015	0	0	0	0	0.649351	0	0	0	0	0.162866	0	0.162866	0	0.728158	0	0	1.26582	0	0	0	0	0	0	0	0.268351	0	0	0	0	0	0	0	0	0	0	0.940677	0	0	0	0	0	0	0	0	0.4995	0	0	4.752984	0.1780669	3.3318836	0	0	0	0.0868621	0	0	0	0	0.326251	0.4736953	0	0	0.162866	0.0544747	0.162866	0.373836	1.7029051	1.1447005	1.3242838	26.1226767	0.422547	1.4164362	0.0836048	1.0781425	0.817013	1.099158	0	0.21097	0	0	0	0	0	0	0	3.9588469	1.05263	0	0	0	0	0	0	0	1.06011	0.0965251	0	1.602497	0	0.3621596	0.421622	0
map03018	0	0	0	0	7.470925	0	0	3.281064	0	0	0	3.9735609	0.721032	0	0.0280971	0.0523627	0	0	0	0	0.0136535	0.176991	0	0	0	0	0	0	0.3287321	0.3647395	0	0	0.4864104	0	0.3831414	0.130268	0	0	0	0	0	0	0	2.214768	0	0	0.117647	0	0	0	0	2.501183	0	0	0.229885	0	0	0	0	0	0.7704514	0	0	2.033936	0	0.3727934	0	0.0957854	0	0	0	0	0	0.352637	1.166168	0.288302	0	0	0.179856	0.2756414	0.434546	0.2621925	0.9539208	1.5532114	2.9081604	23.1786835	0.211765	0.8378504	0.576311	1.5316549	0.3508874	0.166028	0.0707214	0	0	0	0	0	0	0	0	2.92171	0	0	0	0.212766	0	0	0.320513	0.138504	2.375283	0.1664069	0	0.82577	0	0.1664069	0	0
map03030	0.248756	0	0	0	6.655034	0	0	0.124378	0	0	0	1.3654725	5.218199	0	0	0	0	0	0	0	0.226244	0	0	0	0	0	0	0	0	1.3275808	0	0	0	0	0	0.248756	0	0	0	0	0	0	0	2.6067926	0	0	1.1570757	0.106838	0	0	0	0.959369	0.610935	0	0.363636	0	0	0	0	0	2.838054	0	0	0.6187531	0	0.58085	0	0	0	0	2.574	0	0	0.0884174	0	0.1968897	0	0	0	0	0.267235	0.1493709	0.124378	1.1860307	0.9788089	23.755082	0	2.553871	0.6019111	1.4502534	0.3938138	0.0442087	0	0	0	0	0	0	0	0	0	3.253285	0	0.17094	0	0.2228931	0	0	0	0	0.4135453	0.3062187	0	0.23196	0	0.0225225	0	0
map03410	0.162338	0	0	0	0.984547	0	0	0	0	0	0	0.0348311	4.66667	0	0	0	0	0	0	0	0	0	0	0	0	0	0	0	0	0.7079461	0	0	0	0	0	0	0	0	0	0	0	0	0	0.253165	0	0	0	0.106838	0	0	0	0	0.370671	0	0.20979	0	0	0	0	0	0	0	0	0	0	0	0	0	0	0	0	0	0	0	0	0	0	0	0	0	0	0.052356	0	0.0435388	0.9411356	4.5711066	0	0.707345	0.127303	0.608291	0.204082	0	0.103501	0	0	0	0	0	0	0	0	1.524049	0	0	0	0	0	0	0	0	0	0	0	0.3415939	0	0.165563	0	0
map03420	0.297176	0	0	0	1.8429041	0	0	2.202895	0	0	0	0.2922865	5.2138759	0	0.5502021	0.324149	0	0	0	0	0	0	0	0	0	0	0	0	0.316212	1.4733641	0	0	0	0	0	0	0	0.0158333	0	0.0956554	0	0	0	1.213151	0	0	0.0413889	0.106838	0	0	0	0.148588	0.3985877	0	0.422839	0	0	0	0	0	0.4841302	0	0	0.3904012	0	0.2284892	0	0	0	0	0	0	0	2.32344	0	0.1655351	0	0	0	0	0	0.3295075	0	0.340409	1.4343081	14.0375361	0	1.2722488	0.279372	1.0409154	0.4147474	0.1902204	0	0	0	0	0	0	0	0	0	2.4868913	0	0	0	0.2881	0	0	0	0	0.364631	0.0964312	0	0.3372832	0	0.4943361	0	0
map03440	0	0	0	0	13.4452511	0	0	1.396699	0.147799	0	0	7.6421435	12.193122	0	0.8063818	1.215718	0	0	0	0.157233	0.493747	0	0	0.314465	0	2.75472	0	0	1.890563	1.6287858	0	0	0	0.404858	0	0	0	0	0	0	0.19685	0	2.798754	11.3015126	0	0	1.2719637	0.106838	0	0	0	3.426732	0.515267	0	0.367023	0	0	0	0	0	4.546486	0	0	8.2876213	0	3.545853	0	0	0	0.215962	2.89141	0.943396	0	0.1817088	1.874265	0.4905617	0	0	1.633643	0.252142	1.413164	0.714012	0	3.619646	4.0755269	59.9493473	1	3.9493533	1.550726	3.3491413	1.5313567	0.2140203	0	0	0	0	0	0	0	0	0	7.717208	0	0.17094	0	0.1176301	0	0	0	0.157233	0.2367853	0.4634517	0.148368	0.7408112	0	0	0	0
